60
Bethlehem{  0000000000000000  1.08784496057116  0.84722126044253  01.0707266367871  1.01515326956869  0.88559128948673  0.96818871530078  0.87957642252602  3.29715212328252  3.39564885333886  3.04351956786268  3.18004311902955  3.37370881722205  6.36773881431811  6.39041910164488  6.40281209653572  6.43887661858803  6.46927339403841  4.64009683744916  4.51138907294597  6.54369048525531  6.47014708998321  4.68178496863433  4.69625913191477  4.69696421569008  4.68747405517728  4.72358400538195  4.70061787288439  05.5259919851249  5.40846768694896  5.41074370178457  5.49549550942516  5.45104860677116  5.41531781837778  5.47297310730028  5.22846081605195  5.22548859789599  5.15044571483006  5.16604435533965  6.09430523898802  6.06326290737176  5.80223780534153  5.94911329391151  6.19410927400537  6.23096745385123  05.9344263648502  5.85557346826874  5.80700564260536  7.18241719222023  7.15409571857643  07.0941478310207  8.02098455508278  06.7340431221741  6.14555707742487  5.08134787540023  4.73071076988631  9.38186007791093  5.47371067346742  7.91402824159295  5.74640858388137
Bxb1{A1}    1.08784496057116  0000000000000000  1.04601318807914  1.20100204088177  1.09491529511232  1.03191991528359  0.96638159295859  1.02534657477895  3.38084759919981  3.45083286122827  3.06985921447618  3.27290817109112  3.40380637054427  6.13528318868056  6.15628917057416  6.16960319740565  6.27910609011587  6.30073470405729  4.52938503213501  4.38241214728599  6.40357287644074  6.33852655170911  4.52200816773621  4.54159896582432  4.52929088274173  4.52277151212293  4.56219202093203  4.54559839734218  5.37994442547556  5.28135733800648  5.28473075376902  5.36941651084819  5.31893826349185  5.28674925297223  5.34359948340724  5.11068142553445  5.11107740975831  5.03363653908662  5.05586150549846  5.87756011404711  05.8517756147018  5.57679559592736  05.7374528273646  5.95673424923526  6.01233587782181  5.73226536634159  5.62341877227262  05.6000945611011  6.97553097832028  6.94357235596029  6.88740343663487  7.83368985330764  6.50184539880098  5.87178177733115  4.76298556339935  4.52223787981174  9.05871717162584  5.28003498320673  7.68728954005449  5.67058027291374
DD5{A1}     0.84722126044253  1.04601318807914  0000000000000000  0.94497189962365  0.98224542169174  0.36510508232602  0.92097086406575  0.94083371859340  3.41807869409167  3.53356270285759  3.16181638595008  3.35563101359638  3.53103462218166  6.30834214566837  06.3310045309485  06.3447848135222  6.30142465934903  06.3303204808308  04.6431197288535  4.50432452151171  06.4369441450336  06.3624366498222  04.6965469057505  4.72077322486151  4.70624057129978  4.69827407934766  4.73260033596612  4.71284259979339  05.5563250433638  5.41866585898673  5.41959038964704  5.50778456054768  5.45447837976038  5.42344012388768  5.47925490740534  05.1751988783153  5.17609641629711  5.09776260790361  5.12426047637999  5.94392547473587  5.91801413433726  5.64639758156185  5.79609153189322  6.05249905254395  6.08345989062493  5.79882239642611  5.69620036917283  5.67736566918172  7.16424133534698  07.1324774568266  7.05051576212993  7.99214924832736  6.64589503152272  6.08917199321987  5.02046737562004  4.68797889693713  9.16876133389502  05.4208753482965  7.78954942050356  5.65624747406869
Jasper{A1}  01.0707266367871  1.20100204088177  0.94497189962365  0000000000000000  1.27861681002004  0.92122183230069  1.07332611512765  1.10410896861077  3.36621745183259  3.40856404487553  3.06853769331003  3.27458814972762  3.41411242185866  06.1050450636874  6.12712361562939  6.13951159012253  6.14720460110659  06.1711311681862  4.47311078293905  4.36247485339794  6.25837654282603  6.21408990885957  4.53804749686248  4.55004124477552  4.54648189792594  4.54247650090926  04.5720185228317  4.55574008601044  5.34761595709332  5.22028604952213  5.21747067318512  5.31228702519944  5.25201037292294  5.22536360869156  5.27389047411699  5.08289595911347  5.08264038486057  5.01084976887476  5.02067802582102  5.90296462134208  05.8651980578736  5.61707993478778  5.75536867702873  5.99842403520533  6.05509446104502  5.73986980541696  5.68369495090726  5.61390592984872  7.01438153143116  6.98262687927069  7.03701406072613  7.98490224772454  6.55608634799986  5.88270501311399  4.82328951883565  04.5362588720534  9.11361743511717  5.45891590037396  7.61530394650695  5.66240244323585
KBG{A1}     1.01515326956869  1.09491529511232  0.98224542169174  1.27861681002004  0000000000000000  1.00143328299075  0.92483513262605  0.98201517500131  3.35480363645044  3.48920104996786  03.0770280677658  3.27440872986906  3.44535683866455  6.32821773553968  6.34833708779095  6.36653425532045  6.43100459947769  6.45228909083442  4.56365947424099  4.43219655948955  6.49955384358923  6.43181133104393  4.58911102366882  4.60968376028207  4.59863440390097  4.58825643357422  4.62108801814928  4.60599630915072  5.43170764531619  5.38042712013083  5.38345027644788  5.46609755959059  05.4277897886676  5.38550357743915  5.44315555161039  5.23179833769125  5.23052816242336  5.16476666383544  5.16945418024137  6.17245585595827  6.16368062969474  5.85787581834238  6.02044309466862  6.24950615470096  6.30012932868784  6.01387396601945  5.89417221861077  5.85878200688946  7.29044467787952  7.25295529881457  7.16750308310966  8.11030713422995  6.79869378564088  6.18387832359161  5.08902075235494  4.72242785843311  9.44629569609423  5.47443480533948  7.92777571755227  5.76893534877474
Lockley{A1  0.88559128948673  1.03191991528359  0.36510508232602  0.92122183230069  1.00143328299075  0000000000000000  0.93186825150267  0.91126619374170  3.39947634576419  3.50536542698204  03.1348416879783  3.33285483291946  3.48257897515922  6.21654137917389  6.23871650286622  6.25276267011886  6.30816460981073  6.33607491979413  4.58350365552174  4.44953234642491  06.4425250981394  6.36745477383591  4.68028794609145  4.70591070645031  4.69411522746944  4.68439201040137  4.72192232963167  4.70005612436747  5.55144662370982  5.36981558331883  05.3728552550344  5.45953757482645  5.40922996644923  5.37568718348155  5.43266953765385  5.19480346746271  5.19640419970535  5.11627356046227  5.14286902342303  05.9501735647021  5.93441222783595  5.64672227280189  5.80670338129142  6.05602242492421  6.09260135134955  5.80247831909097  05.7028972775985  5.67709012537425  07.1143684999416  7.08354844756977  07.0591260331194  7.99635781789639  6.66107748391284  6.02310480193248  4.96466238941678  4.65313718353515  9.13530350804232  5.42211345424443  7.72342519756922  5.67760108704322
Solon{A1}   0.96818871530078  0.96638159295859  0.92097086406575  1.07332611512765  0.92483513262605  0.93186825150267  0000000000000000  0.97124998207003  3.40772917729655  3.52019999903613  3.14619672697912  3.36897091428139  3.47212899889922  6.30254819918493  6.32378457295847  6.34153297858173  6.47135157792487  6.49473075704306  04.5578878539762  4.44524387368965  6.55423476089654  6.51514224982593  4.59808911073739  4.62028983838422  4.61048468411565  4.59919433887719  04.6340600415361  4.61878314560096  5.37220845833481  5.45098421483439  5.45376280184967  05.5415005888885  05.4934714112095  5.45733214071406  5.51444296842742  5.29104265290586  5.28646172020837  5.23046022326962  5.23780423000879  6.20445721050273  6.17652694571124  5.91350256482008  6.06414812382205  6.29881641986555  006.343617904251  6.05230906893204  5.96825659549699  5.92364098301587  7.15771562309699  7.12559331852931  7.23054535700864  8.16808402945496  6.84145798502612  6.04638382022767  5.02931104805904  4.78722304840677  9.41663227601151  5.68496478779285  07.8293389753683  5.92067792938932
U2{A1}      0.87957642252602  1.02534657477895  0.94083371859340  1.10410896861077  0.98201517500131  0.91126619374170  0.97124998207003  0000000000000000  3.43997194589318  3.48733348083178  3.14277702587142  3.32189073302894  3.44731174602005  06.3101764040845  6.33064147141578  6.34559179291364  6.47564790439227  6.50529980304266  4.47828152841348  4.36981052391537  6.55825610252358  6.49404605731344  4.72323592970736  4.73678405647291  4.73327741808984  4.72356685930467  4.75918908242039  4.73853769560001  5.53303442465764  5.48217815043576  5.48716819610276  5.56742863460527  5.51778059612608  5.48723538527429  5.54328325388042  5.38361049409975  5.37359859518502  5.29808184111484  5.30920042336387  6.20225110782632  6.18549066864476  5.91796736250351  6.07648576038135  6.29942181446764  6.35238276487147  6.05144019764549  5.97381558518757  5.91349637399041  7.18840898658417  7.15903941037881  7.13263622718188  8.07050070600021  6.82013400617491  6.15877513815227  5.11068363543767  04.7847555124447  9.32377098661047  5.60970308570879  7.95562457165915  5.92489810584911
Bxz2{A2}    3.29715212328252  3.38084759919981  3.41807869409167  3.36621745183259  3.35480363645044  3.39947634576419  3.40772917729655  3.43997194589318  0000000000000000  1.85479965121687  01.7953182664562  01.7793020460306  1.94267477628095  6.32916090318616  6.35889065198536  6.38083443409813  5.82187846599596  5.83676157039343  4.62097143835175  4.50801619812678  5.99349637262813  6.05280810465253  4.35656705108694  4.36528759106992  4.40691948887744  4.40017015776002  4.41664502900864  04.3884791163807  5.15329365752794  4.85906465248737  4.86610658183621  4.92665284662503  4.90500275528173  4.86893533547457  4.88149414611171  4.58489194088056  4.54151949064184  4.52726459519741  4.52242441931256  6.11427821704221  6.04995359697239  5.93094280407835  05.9752333895825  6.12946223636843  6.25709736614084  5.92059258751206  5.93372685177114  5.57654221705136  07.8443962597936  7.84419286028757  7.57893661830946  8.46819920232016  6.61969513033444  6.61629307391736  5.07872012459592  4.09679174547757  9.43047299919131  5.60434970847676  8.61357232642384  5.21996065052361
Che12{A2}   3.39564885333886  3.45083286122827  3.53356270285759  3.40856404487553  3.48920104996786  3.50536542698204  3.52019999903613  3.48733348083178  1.85479965121687  0000000000000000  1.71546965574116  1.40082891248161  1.82015191288985  6.00749407097467  6.03868238819937  6.06090928046253  5.88085437923683  5.88534246840985  4.74648554504212  4.64226103538473  6.08052343345516  6.12986040773239  4.48656153622847  4.47180324545805  4.51542823678183  4.50866374455114  4.53331283153313  4.50639899642617  5.42671227738682  4.71520530783843  4.71549316498134  4.76900355028325  4.74745984748979  4.72156919358064  4.73794837414972  4.66945729874293  4.64106659319941  4.60984716255387  4.60173708196699  6.15415182079805  6.05882578398211  5.96134977653652  6.04841853009297  6.13455993277988  06.2996217751121  5.95941691257601  5.96210132180471  5.65971347990992  7.74038144944485  7.73259866973558  7.40702228119689  8.33672718345816  6.56652895138492  6.52961326091221  5.05970857502034  4.11732359197596  9.39607402957025  5.45839734102438  8.42862908410667  5.27422993386329
D29{A2}     3.04351956786268  3.06985921447618  3.16181638595008  3.06853769331003  03.0770280677658  03.1348416879783  3.14619672697912  3.14277702587142  01.7953182664562  1.71546965574116  0000000000000000  1.54693588477958  1.87861603197126  06.2036963861963  06.2300187767168  6.24947873644851  5.72688303181969  5.73797227935329  4.55070468341103  4.41757231042927  5.86476761643933  5.92268639612204  04.3910953666794  4.38002225901069  4.41890425738167  4.41452559445509  4.42995914858548  4.41333132248266  5.13351820151404  4.75941962797394  4.76066357576355  4.84270504999213  4.80298815111146  4.76615055762597  4.78704194047015  4.72911506162235  4.71138154795437  4.65373997562793  4.67196737864301  6.01483231167187  5.92380517979354  5.76787744675112  5.88011099710829  6.03685925257432  6.14416369280112  5.82360244928864  5.76758295789253  5.48277868286767  7.52047699379703  7.50253495601302  7.32076545022597  8.23195106812535  6.45190293617317  6.36179107138906  4.89167303352976  3.97903147561499  9.30779258027879  5.54410210929142  8.35663152002933  5.23262891221504
L5{A2}      3.18004311902955  3.27290817109112  3.35563101359638  3.27458814972762  3.27440872986906  3.33285483291946  3.36897091428139  3.32189073302894  01.7793020460306  1.40082891248161  1.54693588477958  0000000000000000  1.70964886143527  6.01385652910399  6.04592835435002  6.06256264532066  5.79926867932203  05.8045349412988  4.88796343879101  4.75393524910032  5.95867457753122  5.96349810384849  4.52131804142507  4.50615888017161  4.55483407855673  04.5483250347749  04.5640756077884  4.53959778970262  5.39546919826458  4.77705832544653  4.77768387062535  4.84877656309498  4.81248995459181  4.78269187624301  4.80235904182028  4.59864354826186  4.57264096086351  4.55421945646705  4.53273704175117  06.0549211581634  5.95170572714856  5.80911360217877  5.92209002009739  6.04485737428117  06.1689558240853  5.85617760465701  5.80022374333163  5.53048116784138  7.76061101327139  7.74910887754455  07.3714278560354  8.25705453167732  6.52074364938783  6.55616850333456  5.03382436351936  3.96985693225194  9.35883006790542  05.3251486335929  8.45085950710357  5.10794917601097
Pukovnik{A  3.37370881722205  3.40380637054427  3.53103462218166  3.41411242185866  3.44535683866455  3.48257897515922  3.47212899889922  3.44731174602005  1.94267477628095  1.82015191288985  1.87861603197126  1.70964886143527  0000000000000000  5.98222119953982  06.0068689813419  6.02871449861942  6.24534138139497  6.25136289511975  4.67143850235147  04.5607660112402  6.44582415475136  6.44804693582031  4.58579737297802  4.57437649207554  4.62041652861519  4.61959052591006  4.63050047428235  4.60898629151912  5.41013832093085  4.83345931375677  4.83277285264015  4.89824690506815  4.87352723971012  4.84040200750245  4.86465493927098  4.74327188435665  4.71216992950633  4.70126324873028  4.68398094743955  6.38647783097201  6.26979725202221  6.13550721745869  6.24435545563916  6.39060603055724  6.52841323203272  6.17245319050639  6.12834442439421  5.83252390369248  07.5581179602895  7.55404066648863  7.37205450395277  8.29213547610634  6.66795120833086  6.45092813213295  5.03793715272502  4.11712801232837  9.51640664027033  0005.58665572847  8.37329354909041  5.50129620708575
Chah{B1}    6.36773881431811  6.13528318868056  6.30834214566837  06.1050450636874  6.32821773553968  6.21654137917389  6.30254819918493  06.3101764040845  6.32916090318616  6.00749407097467  06.2036963861963  6.01385652910399  5.98222119953982  0000000000000000  0.16327457699238  0.22189187884278  05.8497729878602  5.76864037365175  6.01317382874656  5.96902085830977  6.49354969029093  6.32318332241843  5.86097789197445  05.8240476069484  5.83701898490612  5.80677686069771  5.83838784570939  5.85191967289229  7.06279439636905  06.0116666356635  6.01314271719062  6.00980785208492  6.00955145859362  06.0040177445383  6.04887475542292  6.39316625097194  6.43626236481523  6.35561617271505  6.31057243586814  6.16053333583493  6.25519390272604  5.80717082357114  6.13715695098614  6.05237886949727  06.2953067998817  5.96775214208491  5.95294037766485  5.99078157845709  7.82251632712086  7.82846488387293  7.48454325804693  8.09263507541838  06.8210387761249  5.02463841781203  4.52870800803967  4.76885299603239  8.42932751953357  6.06972729615868  5.99405758294408  6.80120826489089
Orion{B1}   6.39041910164488  6.15628917057416  06.3310045309485  6.12712361562939  6.34833708779095  6.23871650286622  6.32378457295847  6.33064147141578  6.35889065198536  6.03868238819937  06.2300187767168  6.04592835435002  06.0068689813419  0.16327457699238  0000000000000000  0.17228429320683  5.87984797134591  5.79836389139829  6.01115084541209  5.97107223455847  6.51392900240519  6.35157427324123  5.88256771788536  5.84403424942016  5.85693672891358  5.82648609048131  5.85835683730948  5.87304576387662  7.07377825874763  06.0439008627658  06.0455125609172  6.04156406564442  6.04149725563727  06.0365497493612  6.08180286529066  6.42697812299901  6.46982743796949  6.38885728972962  6.34397044133964  6.20180556242093  6.29620724872785  5.84808144876788  6.17937020990318  6.09609825253671  6.33716883024082  6.00624153615229  5.99357208809591  06.0291051293773  7.84355582413497  7.84895200561092  7.51507137542811  8.12342516691346  6.86305949061547  5.03258366936073  04.5540906235869  4.79257320544726  8.45039219347091  6.09750514384024  6.00770695013269  06.8426680583666
PG1{B1}     6.40281209653572  6.16960319740565  06.3447848135222  6.13951159012253  6.36653425532045  6.25276267011886  6.34153297858173  6.34559179291364  6.38083443409813  6.06090928046253  6.24947873644851  6.06256264532066  6.02871449861942  0.22189187884278  0.17228429320683  0000000000000000  5.86656732317511  5.78510631309271  6.03866709782008  5.99936717282901  6.50422578467642  6.33655038451636  5.90941159299341  5.87063979877358  5.88347448281269  5.85263738345049  5.88494166227157  5.89983616476577  7.10713229706834  6.06347211436725  06.0645179028789  6.06121900317424  6.06067426793844  6.05599119528802  6.10149720614367  6.43731972349495  6.48225507141609  06.3999477993179  6.35469913401241  6.18435580948312  6.28166750619323  5.82980013887035  6.16472293505821  6.07970382963515  6.31898463817364  5.98938094180234  05.9742612992216  6.01820681132943  7.84978562975001  7.85402885898957  7.50289068778825  8.10982605410413  6.85818654000878  5.05685325171776  4.57180909661524  4.79531739398185  8.42619526728056  6.08175673355163  6.00700133954336  6.83866625674139
Qyrzula{B2  6.43887661858803  6.27910609011587  6.30142465934903  6.14720460110659  6.43100459947769  6.30816460981073  6.47135157792487  6.47564790439227  5.82187846599596  5.88085437923683  5.72688303181969  5.79926867932203  6.24534138139497  05.8497729878602  5.87984797134591  5.86656732317511  0000000000000000  0.43076667102744  6.77608507012459  6.63100595795897  3.11153350029101  3.21480838146747  5.16624338318227  05.1668000044044  5.13540951238139  5.14191778846012  5.15383972468724  5.15374683158114  5.79541193685216  5.61633172389841  5.61207275114409  05.6197338440014  05.6308247184868  5.60885820324033  5.61919909169849  5.26417995475493  005.338777831163  5.24321950583281  5.26182846846206  5.22679998169377  05.2708418597224  5.01822970846421  5.11837984479545  5.16738968547421  5.29346527095059  05.0782290318054  5.07888312884092  5.14465099870253  8.72365669414475  8.71212788787946  8.00290358574919  8.66689687851119  6.45549489580177  6.59497063423247  05.0856711229753  4.18059452179638  8.39069772009222  6.11189894976778  7.31989578873765  5.37596373580089
Rosebush{B  6.46927339403841  6.30073470405729  06.3303204808308  06.1711311681862  6.45228909083442  6.33607491979413  6.49473075704306  6.50529980304266  5.83676157039343  5.88534246840985  5.73797227935329  05.8045349412988  6.25136289511975  5.76864037365175  5.79836389139829  5.78510631309271  0.43076667102744  0000000000000000  6.77825000866566  6.63496266934528  3.08278500258941  3.21195204162494  5.15235416088217  5.14967070368361  5.12215513304059  5.12537297376881  5.13586319106269  5.13880845519096  005.802060529001  5.61202880527403  5.60708837658182  5.61916071781895  5.62555108294105  5.60391767444699  5.61632180831506  05.2411002991229  5.31821771984143  5.22636817096982  5.24186906069231  5.24196168962739  5.29272756130471  5.03848672131368  5.13657491006103  5.17128170757047  5.31048125064966  5.08837398605165  5.09465428929178  5.15569089832442  8.74580967860778  08.7338937731512  8.03429367679482  8.71254406096991  6.49078244342507  6.57136262866478  5.07796486057602  4.15921808790863  8.36441204530064  6.10047986501098  7.29405695197485  5.39402545262433
Phaedrus{B  4.64009683744916  4.52938503213501  04.6431197288535  4.47311078293905  4.56365947424099  4.58350365552174  04.5578878539762  4.47828152841348  4.62097143835175  4.74648554504212  4.55070468341103  4.88796343879101  4.67143850235147  6.01317382874656  6.01115084541209  6.03866709782008  6.77608507012459  6.77825000866566  0000000000000000  0.75001119355194  7.37886796719406  7.45314830158308  5.49468578603377  5.50669397264686  5.52886677844378  5.50715754063782  5.53356134684019  5.51164175805155  6.20511375861108  6.59698423144513  6.60740079122536  6.62376551862648  6.64650729677971  6.60359757442709  6.63187990837535  6.48803655589123  6.47136785626398  6.43998934944262  6.41481135801878  06.7766105140354  06.8294539941553  6.48925311124142  6.72933122087633  6.81427636753864  6.93705837554992  6.60647889522996  6.69492247222595  6.41235380232424  7.03738848620137  7.00148393929738  7.74068030869847  8.55828258288547  07.4396693436979  5.91879629518196  5.31573413291954  5.49633588331074  8.58505400671404  6.78783481333072  8.31021404285178  7.32804033571925
Pipefish{B  4.51138907294597  4.38241214728599  4.50432452151171  4.36247485339794  4.43219655948955  4.44953234642491  4.44524387368965  4.36981052391537  4.50801619812678  4.64226103538473  4.41757231042927  4.75393524910032  04.5607660112402  5.96902085830977  5.97107223455847  5.99936717282901  6.63100595795897  6.63496266934528  0.75001119355194  0000000000000000  7.27958689376638  7.32087503044367  5.36043414545698  005.375836939992  5.39080658203736  05.3698572823195  5.39667327477124  5.37424224898193  6.11943946702036  6.43991896080931  6.45361153126979  6.46469783972823  6.48585810274246  6.44447520788794  06.4729182653147  6.33646199822097  6.32841391743306  6.28941783862912  06.2707789768453  6.53715987552546  6.59137045480679  06.2316931962266  6.47991044673275  6.56668586973135  06.6911601534917  6.37053511322889  6.44121852624218  6.15994556282124  6.82721508527224  06.7841006572032  7.54353461060255  8.33571126443329  7.22022960785936  5.80466329294856  05.1071530274476  5.31975745038265  8.39073190632613  6.60080834526368  8.15771471098331  07.1239203683846
Cooper{B4}  6.54369048525531  6.40357287644074  06.4369441450336  6.25837654282603  6.49955384358923  06.4425250981394  6.55423476089654  6.55825610252358  5.99349637262813  6.08052343345516  5.86476761643933  5.95867457753122  6.44582415475136  6.49354969029093  6.51392900240519  6.50422578467642  3.11153350029101  3.08278500258941  7.37886796719406  7.27958689376638  0000000000000000  1.45875179641983  0005.46474346295  5.44254270793944  5.42872180583081  5.43379815201063  5.45468779623934  5.46520910628178  5.75227984724194  5.68463480031424  5.67603380220037  005.694195917124  5.69900062952599  5.68666573637578  5.68836698217864  5.52178072272506  5.55392915600959  5.48190881828949  5.49633714761522  6.04302777039979  6.08659386836035  5.89949032787043  05.9749776236818  6.03104174564904  6.15711823520853  5.85091197576665  5.89271828600734  5.86041271264887  9.15312135855398  9.15557598026525  8.65850215080229  09.4135026998006  7.07048348561603  7.24716421526073  5.61121921287576  4.60150201699287  9.33809946250899  6.60111493908659  7.95463497588091  5.58498753248824
Nigel{B4}   6.47014708998321  6.33852655170911  06.3624366498222  6.21408990885957  6.43181133104393  6.36745477383591  6.51514224982593  6.49404605731344  6.05280810465253  6.12986040773239  5.92268639612204  5.96349810384849  6.44804693582031  6.32318332241843  6.35157427324123  6.33655038451636  3.21480838146747  3.21195204162494  7.45314830158308  7.32087503044367  1.45875179641983  0000000000000000  5.44553064618497  5.42462769433572  5.40977919735938  5.41284679315273  5.43723798290283  5.44090407320807  6.00883836540907  5.37477227430979  5.36449115217229  5.37609728414582  5.38786153954579  05.3709193983918  5.37661207395295  5.26111801807545  05.2940395097489  5.16598660204474  5.21228168148108  5.56227729470534  5.60201744834068  5.38509392892595  5.49275983525793  5.53880981760575  5.68990870703796  5.39063856935369  5.35614296201665  5.35731285013542  8.71265774373858  8.72942199618563  8.07937190033903  8.79366871433128  6.51340975511101  7.08365921706662  5.33358005415523  4.31616967654996  8.97073121999956  6.04577416856116  7.52133071752973  5.01553945747123
Bxz1{C1}    4.68178496863433  4.52200816773621  04.6965469057505  4.53804749686248  4.58911102366882  4.68028794609145  4.59808911073739  4.72323592970736  4.35656705108694  4.48656153622847  04.3910953666794  4.52131804142507  4.58579737297802  5.86097789197445  5.88256771788536  5.90941159299341  5.16624338318227  5.15235416088217  5.49468578603377  5.36043414545698  0005.46474346295  5.44553064618497  0000000000000000  0.34221992082781  0.33390345176070  0.30082515027477  0.38434936150616  0.26887310740946  2.56912449312984  3.94830792570355  3.95265263176438  03.9434737392171  3.98078934134027  3.95067646218155  03.9831655644769  3.90366497277836  3.94010750323202  3.95089458855071  3.89570055241155  6.05111896990316  6.05939316724611  5.68641926050065  5.88693078367159  06.0792811686645  6.18864431253204  5.91083252380761  5.77250651190579  5.70029462786391  7.51805460172007  7.52184961889782  7.40805230032344  8.45433230872243  6.42776736829188  5.66301794502963  4.03369197099404  3.96677063977341  9.65209544674518  5.54530882824626  7.16875485182032  5.41395868106151
Cali{C1}    4.69625913191477  4.54159896582432  4.72077322486151  4.55004124477552  4.60968376028207  4.70591070645031  4.62028983838422  4.73678405647291  4.36528759106992  4.47180324545805  4.38002225901069  4.50615888017161  4.57437649207554  05.8240476069484  5.84403424942016  5.87063979877358  05.1668000044044  5.14967070368361  5.50669397264686  005.375836939992  5.44254270793944  5.42462769433572  0.34221992082781  0000000000000000  0.34920909538594  0.33582262134177  0.40314298505403  0.34395509757503  2.55337230429539  3.90637718784367  3.90799092111469  3.90314873778105  3.93216822361458  3.90789611140227  3.93664909190031  3.89657693215646  3.93324090080046  3.94406941040544  3.88235425992051  6.05430395525384  6.06607804677168  5.69888801155244  5.89219604632362  6.07484433242431  6.19492729294613  5.91185678200566  5.77148333468134  05.6971295792488  7.47944441499991  7.48712278172038  07.3633864136549  8.40728947305448  6.37556281242544  5.63323263080155  3.99780889492349  3.93504020757166  9.64351708797462  5.52843738700745  7.14555448449421  5.39756393655529
Catera{C1}  4.69696421569008  4.52929088274173  4.70624057129978  4.54648189792594  4.59863440390097  4.69411522746944  4.61048468411565  4.73327741808984  4.40691948887744  4.51542823678183  4.41890425738167  4.55483407855673  4.62041652861519  5.83701898490612  5.85693672891358  5.88347448281269  5.13540951238139  5.12215513304059  5.52886677844378  5.39080658203736  5.42872180583081  5.40977919735938  0.33390345176070  0.34920909538594  0000000000000000  0.23277905245897  0.27388355220488  0.27324190661952  2.57685893734115  3.93912751035309  3.94255107583666  03.9373189006816  3.96591561051476  3.94009331329029  3.97650381955648  3.91159622100063  3.94890026117074  3.95558999988051  3.90226842696669  6.03209215701212  6.04346891435312  5.66953251875648  5.86698069822068  6.05254972077679  6.16898479163173  5.89428859954953  5.75119352405692  5.68472489366047  7.49160300136109  7.49626869847125  7.35875725177552  8.39706805253306  6.37400774323969  5.63312574014653  4.00743198051871  3.94255329327766  9.61899244800536  5.52605503505442  7.11524252887529  05.4072913237295
Rizal{C1}   4.68747405517728  4.52277151212293  4.69827407934766  4.54247650090926  4.58825643357422  4.68439201040137  4.59919433887719  4.72356685930467  4.40017015776002  4.50866374455114  4.41452559445509  04.5483250347749  4.61959052591006  5.80677686069771  5.82648609048131  5.85263738345049  5.14191778846012  5.12537297376881  5.50715754063782  05.3698572823195  5.43379815201063  5.41284679315273  0.30082515027477  0.33582262134177  0.23277905245897  0000000000000000  0.29142647373782  0.25146456463543  2.62073776511656  3.94305580024262  3.94733923204159  3.94231392876759  3.97341822067761  3.94345586732892  3.98438756825003  3.93804073833952  3.97607878831439  03.9801159895082  3.92711098675107  6.03013282477108  6.04727446291931  5.66601659927809  5.86980802435748  6.05363631276284  06.1677234093407  05.8944188978094  5.74731237277214  05.6853783559213  7.51083936259469  7.51410997836105  007.370307915793  8.41351448413504  6.40875844831318  5.63737060960572  4.02752911254864  3.94717166998769  9.64115697478956  5.52886449786042  7.12737483693428  5.41643909773372
ScottMcG{C  4.72358400538195  4.56219202093203  4.73260033596612  04.5720185228317  4.62108801814928  4.72192232963167  04.6340600415361  4.75918908242039  4.41664502900864  4.53331283153313  4.42995914858548  04.5640756077884  4.63050047428235  5.83838784570939  5.85835683730948  5.88494166227157  5.15383972468724  5.13586319106269  5.53356134684019  5.39667327477124  5.45468779623934  5.43723798290283  0.38434936150616  0.40314298505403  0.27388355220488  0.29142647373782  0000000000000000  0.24088376978245  2.59755517608324  3.95083675252007  3.95493824614867  3.94972821681535  3.97752369770875  3.95105572615762  3.99022790115419  3.93422436925925  3.97195025590321  3.97926899307387  3.92289890133679  6.03495242161581  06.0496679244112  5.67800577917998  5.86980151404822  6.06113405085156  6.17201045556713  5.89800604226879  05.7599807398766  5.68979401260735  7.50114776552904  7.50293762608294  7.36321748573566  8.40290443509728  6.39531683370391  5.63207342378341  4.02032368688936  3.95345253267751  9.64176185545774  5.51848137618664  7.11871769731226  5.44421717516897
Spud{C1}    4.70061787288439  4.54559839734218  4.71284259979339  4.55574008601044  4.60599630915072  4.70005612436747  4.61878314560096  4.73853769560001  04.3884791163807  4.50639899642617  4.41333132248266  4.53959778970262  4.60898629151912  5.85191967289229  5.87304576387662  5.89983616476577  5.15374683158114  5.13880845519096  5.51164175805155  5.37424224898193  5.46520910628178  5.44090407320807  0.26887310740946  0.34395509757503  0.27324190661952  0.25146456463543  0.24088376978245  0000000000000000  2.59575685374422  3.95580168434088  3.96133573485201  3.95136946239744  3.98496457286434  3.95655868557563  3.99295056174843  3.91539825744616  3.95293979184935  3.96162520653036  3.90716415923435  6.04327550458998  6.05425578918257  5.68361914967495  005.879616785099  6.06815489267957  6.18207661260845  05.9073880512937  5.76766754366473  5.69691692923511  7.50368551531593  7.50585242672928  7.37857350018941  8.41805823186052  6.40681114592156  5.65180125465963  4.02826699075176  3.97197274026585  9.65179648535583  05.5301063245242  7.13902387564185  5.42667437227213
Myrna{C2}   05.5259919851249  5.37994442547556  05.5563250433638  5.34761595709332  5.43170764531619  5.55144662370982  5.37220845833481  5.53303442465764  5.15329365752794  5.42671227738682  5.13351820151404  5.39546919826458  5.41013832093085  7.06279439636905  7.07377825874763  7.10713229706834  5.79541193685216  005.802060529001  6.20511375861108  6.11943946702036  5.75227984724194  6.00883836540907  2.56912449312984  2.55337230429539  2.57685893734115  2.62073776511656  2.59755517608324  2.59575685374422  0000000000000000  5.14272944482282  5.14254585929733  5.17895066272804  5.16309345921525  5.15442342445052  5.15586507774492  4.93510940000923  4.95788941284968  5.04306966030569  4.95933034902765  7.27481682399914  7.28607816847408  6.97973206215451  7.07854546315236  7.32003125870033  7.38238898182778  7.11685500441923  7.05944551581334  6.99545582449924  8.48484594809246  8.48224589192527  8.76187627330181  9.76770443380954  7.61354930773963  6.34823300326832  5.12073514235694  5.03472838013588  10.5123545562995  7.11971683104858  8.03118624961022  6.72487373296847
Adjutor{D}  5.40846768694896  5.28135733800648  5.41866585898673  5.22028604952213  5.38042712013083  5.36981558331883  5.45098421483439  5.48217815043576  4.85906465248737  4.71520530783843  4.75941962797394  4.77705832544653  4.83345931375677  06.0116666356635  06.0439008627658  6.06347211436725  5.61633172389841  5.61202880527403  6.59698423144513  6.43991896080931  5.68463480031424  5.37477227430979  3.94830792570355  3.90637718784367  3.93912751035309  3.94305580024262  3.95083675252007  3.95580168434088  5.14272944482282  0000000000000000  0.18392141800532  0.42576216517493  0.36922363107773  0.08967454280959  0.37546686529439  3.69107638297586  3.73692325117833  3.56882909398076  3.62759918194987  5.40265466068507  5.42407502253998  5.17867133350398  5.34992319338025  5.48766827790163  5.61062297646943  5.31408332887264  5.14308615513679  4.98080697400797  7.15090565750075  7.16790134629632  6.13515561332008  7.08071706001546  5.06746254290332  6.12760953189774  4.21022172627929  4.22736840832668  9.31198076687823  4.51324725058437  6.97555905085752  4.05622844357722
Butterscot  5.41074370178457  5.28473075376902  5.41959038964704  5.21747067318512  5.38345027644788  05.3728552550344  5.45376280184967  5.48716819610276  4.86610658183621  4.71549316498134  4.76066357576355  4.77768387062535  4.83277285264015  6.01314271719062  06.0455125609172  06.0645179028789  5.61207275114409  5.60708837658182  6.60740079122536  6.45361153126979  5.67603380220037  5.36449115217229  3.95265263176438  3.90799092111469  3.94255107583666  3.94733923204159  3.95493824614867  3.96133573485201  5.14254585929733  0.18392141800532  0000000000000000  0.46166708816795  0.35645462581639  0.19011929243347  000.368971180918  3.66042351746383  3.70753325757555  3.54038157639766  3.59715754753572  5.39465022549218  5.41559282469909  5.17286591836683  5.33925559938492  5.47851950908061  5.60370982979214  5.30324051811092  5.13551896277522  4.97467640728907  7.16037552647749  7.17734355568438  6.12587319867743  7.07155615842655  5.04434542940264  6.12743382977711  4.20875522229238  4.22532655986843  9.31144949237481  4.50982554992023  6.98781805418282  4.04272992448862
Gumball{D}  5.49549550942516  5.36941651084819  5.50778456054768  5.31228702519944  5.46609755959059  5.45953757482645  05.5415005888885  5.56742863460527  4.92665284662503  4.76900355028325  4.84270504999213  4.84877656309498  4.89824690506815  6.00980785208492  6.04156406564442  6.06121900317424  05.6197338440014  5.61916071781895  6.62376551862648  6.46469783972823  005.694195917124  5.37609728414582  03.9434737392171  3.90314873778105  03.9373189006816  3.94231392876759  3.94972821681535  3.95136946239744  5.17895066272804  0.42576216517493  0.46166708816795  0000000000000000  00.4613987752428  0.42299058851128  0.45868389721622  3.65002350045584  3.69454545257267  03.5246457240429  3.58923852206452  5.41698687217389  5.44225180794531  5.19065460556147  5.37123209922934  5.49619258176185  5.63383601302046  005.329386464625  5.16266150900598  4.98833030309052  7.17091113829292  7.18632082704914  6.16900233087897  07.1087453562288  5.09462368592918  6.16581898907113  4.20339395645084  4.25086642531485  9.31093280808135  4.49555333175668  6.98899319606778  4.04797595670234
P-lot{D}    5.45104860677116  5.31893826349185  5.45447837976038  5.25201037292294  05.4277897886676  5.40922996644923  05.4934714112095  5.51778059612608  4.90500275528173  4.74745984748979  4.80298815111146  4.81248995459181  4.87352723971012  6.00955145859362  6.04149725563727  6.06067426793844  05.6308247184868  5.62555108294105  6.64650729677971  6.48585810274246  5.69900062952599  5.38786153954579  3.98078934134027  3.93216822361458  3.96591561051476  3.97341822067761  3.97752369770875  3.98496457286434  5.16309345921525  0.36922363107773  0.35645462581639  00.4613987752428  0000000000000000  0.35556610804541  0.42283418711624  3.63542372208243  3.68222762882348  3.51396282233949  3.57311630591617  5.40053747845844  5.42739637004766  5.18813802642015  5.35589239143277  5.48598125201066  5.62287216809942  5.31478858007091  5.14822800189403  04.9837857707909  7.19903350665018  7.21259399118948  6.14186766780095  7.09027469464319  05.0519686544021  6.15240940579271  4.21715859896645  4.25873188815488  9.29978392449385  4.50143900770961  6.98824178020885  4.04387770761545
PBI1{D}     5.41531781837778  5.28674925297223  5.42344012388768  5.22536360869156  5.38550357743915  5.37568718348155  5.45733214071406  5.48723538527429  4.86893533547457  4.72156919358064  4.76615055762597  4.78269187624301  4.84040200750245  06.0040177445383  06.0365497493612  6.05599119528802  5.60885820324033  5.60391767444699  6.60359757442709  6.44447520788794  5.68666573637578  05.3709193983918  3.95067646218155  3.90789611140227  3.94009331329029  3.94345586732892  3.95105572615762  3.95655868557563  5.15442342445052  0.08967454280959  0.19011929243347  0.42299058851128  0.35556610804541  0000000000000000  0.38020744299547  3.68721043874096  3.73364101888765  3.56295921554224  3.62353806325436  005.391244296491  5.41275995524323  5.16479109096914  5.33876813868751  5.47438889300821  5.60015917734208  5.30412774740302  5.12985088992767  4.97207912679065  7.13860691224364  7.15559146396708  6.11580902288816  7.05960838864239  005.049998969713  6.12717370795698  4.20575697193694  4.22206629959975  9.30108094691894  4.50382930920915  6.96307079440631  4.03980114663095
Troll4{D}   5.47297310730028  5.34359948340724  5.47925490740534  5.27389047411699  5.44315555161039  5.43266953765385  5.51444296842742  5.54328325388042  4.88149414611171  4.73794837414972  4.78704194047015  4.80235904182028  4.86465493927098  6.04887475542292  6.08180286529066  6.10149720614367  5.61919909169849  5.61632180831506  6.63187990837535  06.4729182653147  5.68836698217864  5.37661207395295  03.9831655644769  3.93664909190031  3.97650381955648  3.98438756825003  3.99022790115419  3.99295056174843  5.15586507774492  0.37546686529439  000.368971180918  0.45868389721622  0.42283418711624  0.38020744299547  0000000000000000  3.64839470539061  3.69122248277522  3.54024672850565  3.59245761849553  5.45720587305973  5.47541780509223  5.23251245250798  05.4026866391614  5.52953856465368  05.6679027371526  5.35972256163505  5.20338701321422  5.01486719541868  7.17737372628138  7.19649132498381  6.17876625706214  7.11462683406255  05.0756186112829  6.18795238337479  04.2340475175504  4.26211040950377  09.3277957203022  4.54441626647125  7.04809434689453  4.06189832135468
244{E}      5.22846081605195  5.11068142553445  05.1751988783153  5.08289595911347  5.23179833769125  5.19480346746271  5.29104265290586  5.38361049409975  4.58489194088056  4.66945729874293  4.72911506162235  4.59864354826186  4.74327188435665  6.39316625097194  6.42697812299901  6.43731972349495  5.26417995475493  05.2411002991229  6.48803655589123  6.33646199822097  5.52178072272506  5.26111801807545  3.90366497277836  3.89657693215646  3.91159622100063  3.93804073833952  3.93422436925925  3.91539825744616  4.93510940000923  3.69107638297586  3.66042351746383  3.65002350045584  3.63542372208243  3.68721043874096  3.64839470539061  0000000000000000  0.41676543440563  0.68732524805231  0.52733086958748  5.35934638418279  5.29339192957775  5.21093410215383  05.2454729771688  5.39680897057883  5.53349642297371  5.25243739105274  5.15530777814374  04.9281907801687  7.88812444089628  7.87536659747659  6.78157626753007  07.8637845823199  5.59020181820279  6.64074296320806  4.62907629374205  4.17759146282108  9.09923402810761  4.04225018897236  7.60018093819643  03.8998665260251
