244(E)	Adjutor(D1)	Barnyard(H2)	Bethlehem(A1)	Boomer(F1)	BPs(G)	Brujita(I1)	Butterscotch(D1)	Bxb1(A1)	Bxz1(C1)	Bxz2(A3)	Cali(C1)	Catera(C1)	Chah(B1)	Che12(A2)	Che8(F1)	Che9c(I2)	Che9d(F2)	Cjw1(E)	Cooper(B4)	Corndog(O)	D29(A2)	DD5(A1)	Fruitloop(F1)	Giles(Q)	Gumball(D1)	Halo(G)	Jasper(A1)	KBG(A1)	Konstantine(H1)	Kostya(E)	L5(A2)	Llij(F1)	Lockley(A1)	Myrna(C2)	Nigel(B4)	Omega(J)	Orion(B1)	Pacc40(F1)	PBI1(D1)	PG1(B1)	Phaedrus(B3)	Pipefish(B3)	PLot(D1)	PMC(F1)	Porky(E)	Predator(H1)	Pukovnik(A2)	Qyrzula(B2)	Ramsey(F1)	Rizal(C1)	Rosebush(B2)	ScottMcG(C1)	Solon(A1)	Spud(C1)	TM4(K2)	Troll4(D1)	Tweety(F1)	U2(A1)	Wildcat(Singleton)
244(E)	0	34.0267360838404	44.1423722379908	41.3836667378502	41.4107757053595	59.0145158399822	49.7861841285176	33.9579789383329	40.9753322551413	34.1956893665367	38.9803340082289	34.1360586330463	34.2213044624934	50.6103243461905	39.6367462204314	40.9311306422027	38.4362467904643	39.9218031822133	8.00379420453344	44.8720891245523	36.7798315506588	39.7217203903944	41.2167203431715	40.1380131592657	63.2882519150988	34.0717402498119	58.9671196299221	41.3190624533692	41.4452001681537	48.7703680886326	11.7109005656991	39.0256410326972	40.4486624205079	41.4262862574061	40.8279061983039	43.5147520295092	32.0514256037837	50.7850676921891	41.4039899554938	33.9954273751799	50.7610345502658	49.1849992325005	47.9475725609987	34.071795671822	41.9617540677975	9.32292627520101	54.8109417020011	39.8862510788411	43.3144775830572	40.7810754952424	34.2711863428052	43.2833264311403	34.3924394429699	41.7452874194066	34.0696970387351	59.1394640342255	33.9319763834913	40.3293347916077	42.3892214433843	34.5928084955016
Adjutor(D1)	34.0267360838404	0	42.2722338706826	42.7962737972304	41.7629106874735	55.7041937238245	47.8073700548228	3.56356542704433	42.3715618097776	35.093758326936	40.8664983394785	34.8513639657878	34.9554044613659	48.6757953409754	40.716204938302	41.6732291660886	36.8347739926662	39.518039734084	34.2156307369149	46.4326531214144	38.2752795619807	40.998677101389	42.9930107765374	40.421698929943	64.8426144559684	8.16563164661344	55.6966045507736	42.3614708446834	42.8584234065908	45.4788978191236	33.4829352083141	40.3811362390386	41.2219375645213	42.8834746469084	42.0983004805146	45.0296904461151	35.381251906802	48.8780532174929	42.1504482895959	1.96425542914566	48.8508893432987	50.2052354060703	49.0519027969198	7.57922591023443	42.7035911474549	33.7511607142201	50.2631976440718	40.5979055856366	46.0389893203842	41.0594941196688	34.8953523231408	46.0873774645669	35.1451248030858	43.1477192601101	34.9067273912841	55.9694069513642	7.06694401289174	40.6804040694135	43.3188392546545	35.2766178434614
Barnyard(H2)	44.1423722379908	42.2722338706826	0	50.3912879484313	39.6482410380423	53.0800915655505	49.1103197915972	42.1725226261209	49.1347574618139	48.0475378481894	49.8927411666573	47.6938230042654	47.8891184346149	53.6907987899814	50.1417655443597	39.6578202942802	41.7094667684145	39.4472740686468	44.374541705111	53.799787871298	45.686986787795	49.9525951225686	49.9318007343479	39.6797489215098	57.1389012959926	42.3084601548308	53.3164270363005	50.1787938370584	50.4735965563614	33.7079238120112	43.6304475981099	49.7173093253698	39.2776135641548	50.1064696018186	56.4109142071971	51.1657119396979	39.0783852701708	53.9159996162816	39.7174553597434	42.1697059170726	53.844804187808	55.1497787588709	53.7624218321083	42.1615684135944	40.2688743000763	43.8825871420247	34.474365487002	50.6982971616223	50.6323900661269	39.4488010954944	47.9635951123229	50.7781355628263	48.1102769696352	51.0130416129505	47.9248781681251	56.8085989506566	42.2047912251326	39.6682015772529	51.058120817381	38.2416018519073
Bethlehem(A1)	41.3836667378502	42.7962737972304	50.3912879484313	0	45.4573722465995	57.4656660094193	48.9474927282283	42.8067752394803	18.8124925963759	39.1130001400379	34.1979307391459	39.2670039749533	39.2579843561538	50.4719236260085	34.7976283494244	45.3916972926884	41.1938467355596	44.3745134598817	41.3919126127116	49.2215232235074	40.4773212797284	33.8960575801799	16.4240736080671	43.3366044654394	65.2128094579694	43.265836356273	57.2199473935978	18.7455325162635	16.7125805050196	51.4302873726511	41.0747381191646	33.9586649067675	44.5601247113553	16.6368964009795	45.0509611339382	48.6441482521701	40.2948852591119	50.6606938056607	45.5326330092984	42.849050897059	50.6268454565147	42.1224524096105	40.9604396698752	42.9989912494084	46.2503837812201	40.9439561444967	56.3999349073593	35.6337662981821	48.2024126976368	44.6962407212419	39.0579360046932	48.4922667939311	39.5198113360587	16.816640997922	39.0471472309363	61.2257849527199	43.1437046026162	44.4191511537931	15.0789225292889	43.0218473150446
Boomer(F1)	41.4107757053595	41.7629106874735	39.6482410380423	45.4573722465995	0	55.6666051003327	46.4776102216915	41.7330539155913	44.7836940560512	45.7704484821725	46.3725416162732	45.6824149681973	45.7164653719858	50.5212386831315	46.9499821981069	20.3311300778663	37.9178102720435	26.7053469600947	41.8344323993038	49.6615087229232	39.5060517449898	46.8069806208431	44.7590880514201	20.8712897550307	51.412411214645	41.8260577155172	55.9171101903546	45.1438240812522	45.5457321284773	43.792772025104	40.784585381829	46.3965473218815	19.0099911676426	44.8732226875982	53.6943147278945	47.1063035307822	34.813087809644	50.804548038483	20.3002074972852	41.7042983248889	50.6598981681423	51.9106629106895	50.4340052098593	41.855502094429	14.7257788924102	41.5277472614425	47.2446848789652	48.1082239490085	45.4272334205118	17.8446781044073	45.571942049528	45.234049888967	45.7963127439776	46.0081145992164	45.5896970589661	56.9636723070319	41.9546457926591	20.8160217547077	46.4293876927242	35.5802233844598
BPs(G)	59.0145158399822	55.7041937238245	53.0800915655505	57.4656660094193	55.6666051003327	0	51.441297896198	55.8051757552062	56.3485779616636	56.4128182999268	60.6203832915066	56.2885696137591	56.2423893306448	63.773926494823	61.0663336205405	56.0597226092324	49.7662319369497	55.3463988135273	59.0602124838638	66.3205523663966	55.1442670162389	60.1048957223516	57.1414494063365	54.4520565386698	64.2903943515069	55.9349649850256	9.1997745265038	56.8296535058247	57.5692973190529	50.8385708486684	58.6663167409007	60.9459655203064	55.0185894092616	57.1279338314011	62.1893372203963	64.4287445321199	55.3367264009134	63.9321021423671	56.2661576162267	55.6835958623554	63.9060473290828	58.9187688665937	57.4843815965544	56.0795363331497	56.2126989765321	58.8518569435959	52.4430939662058	60.0195288529767	64.6620752512279	55.2391707481092	56.3489217999988	64.749983275331	56.3301057266332	57.3719683086133	56.3339062579253	60.4525804565603	55.9578890936429	55.9485104477442	57.5162293028729	59.4349087656635
Brujita(I1)	49.7861841285176	47.8073700548228	49.1103197915972	48.9474927282283	46.4776102216915	51.441297896198	0	47.8225177077983	47.7628135100412	43.9638258008452	51.1357726727055	43.7083394169105	43.7090115180642	47.4885877262809	52.1175540912239	47.1008053466338	35.3363009523687	47.4395212501009	50.0190417378559	55.2051990356926	44.5905891154227	50.9280656437524	48.699335098523	45.5335700886703	59.4901332926522	48.0776570501866	51.3722163413047	48.4066912279316	48.803685896802	49.4052480463843	49.3930782682167	51.7197375573401	45.9799323080577	48.6726805786014	48.0358667998539	54.444082037229	47.4679569954694	47.5909346533018	46.6894321914919	47.7901133363271	47.573095116823	50.0498069904018	49.1406011040026	47.8375090754846	46.9820533597082	49.5496260663358	52.3801842356458	51.5633935238433	51.6081424662207	45.7698536124211	43.7263865119699	51.3300698096114	43.9128356084501	48.4293929253347	43.8042771209196	48.287446276157	48.1317828546513	46.6535483561794	49.0404706840816	53.2775611622065
Butterscotch(D1)	33.9579789383329	3.56356542704433	42.1725226261209	42.8067752394803	41.7330539155913	55.8051757552062	47.8225177077983	0	42.3885524113539	35.1495761895812	40.9855243313069	34.8765014429969	35.0050779094253	48.7746811673882	40.728005004366	41.5421658902023	36.8518246780172	39.4899275335544	34.1408214693104	46.5180772975504	38.3348946345175	41.1432177996996	43.0009783821111	40.4014132488661	64.8583089370289	8.57082300658518	55.7808646435244	42.4138038350157	42.8964455476703	45.5017899726404	33.4280038017867	40.4645138787404	41.1516248736189	42.9210160910955	42.1436978569428	45.0582945694135	35.4189103820622	48.9724955435159	42.0884261842019	3.41466096820323	48.9409977834566	50.340873225168	49.1801292725838	7.52043386498212	42.6684609479102	33.6974123161863	50.2469445870409	40.6545780607761	46.133993315591	41.0246796087425	34.9415887536423	46.1574407428107	35.1913783660019	43.1720582360649	34.9591667503452	56.1325998440289	6.95217653136285	40.624180711903	43.366300016341	35.2547611466435
Bxb1(A1)	40.9753322551413	42.3715618097776	49.1347574618139	18.8124925963759	44.7836940560512	56.3485779616636	47.7628135100412	42.3885524113539	0	38.7756757061394	34.5102859179832	38.8356814299799	38.8390424244253	49.6763167308101	35.5586995210014	44.5689533767139	40.0428236221385	43.6944183715589	41.0345564990235	48.7035459779496	40.0860012110189	34.1262670049043	18.9392644162556	42.78354206899	63.9552320488199	42.9002201686512	56.0879509334342	21.0575796974667	18.7944201435897	50.5710116317592	40.7879205352878	34.8368725567709	43.8857745492022	19.0217752736828	44.6431682713019	48.1554090019121	39.7765825612333	49.8512546940585	44.5004766938861	42.4221287866758	49.8101786780519	42.0568853613921	40.8693089943876	42.5659059778432	45.5034502321527	40.6363703335993	55.4764684925801	35.5505757218608	47.4318833711971	43.8461327605391	38.662573348301	47.6912955252541	39.1107804935638	17.0878857245663	38.7026126916667	60.0797733567878	42.6172080525102	43.6673441758462	18.7963915402493	43.0751256872865
Bxz1(C1)	34.1956893665367	35.093758326936	48.0475378481894	39.1130001400379	45.7704484821725	56.4128182999268	43.9638258008452	35.1495761895812	38.7756757061394	0	38.0906300038455	6.51946955771415	6.41005125506447	47.4328018453986	39.6304088524225	45.4358665510661	34.7025714233426	43.5310528334984	34.249609581377	43.4212332846182	36.8303920505053	39.2458492868955	39.1671299028995	43.0596882138292	66.1291703340829	35.2114530023729	56.2543068159422	38.9885479398539	38.7921331008924	51.398291024555	34.2413654928065	39.5560215677683	44.4395849267828	39.3765053713313	25.6322083634157	43.2601902186085	39.9155590862639	47.5596508756813	45.5132158251325	35.1419864497013	47.6243325739346	43.8716429156794	42.7191233938646	35.2767407881394	46.2057246173802	34.0404867487759	57.476511819263	39.8745798721429	41.489191513449	44.4708113932893	5.65119611006725	41.4004171356292	7.49407087254593	38.3898799261969	5.10280308871262	55.9599377307624	35.173553340831	44.2684640486411	39.4855427944388	41.9479433453094
Bxz2(A3)	38.9803340082289	40.8664983394785	49.8927411666573	34.1979307391459	46.3725416162732	60.6203832915066	51.1357726727055	40.9855243313069	34.5102859179832	38.0906300038455	0	38.2367674661491	38.372548768744	49.6749143154324	28.5415824440255	46.1228566072067	42.0386086699263	44.1186200697496	38.840337948613	46.7963368743251	37.7077650733227	27.5165670893518	34.660176131017	44.9610218121668	65.940365482806	41.2488499396584	60.5613898655484	34.8369058038143	34.5862112442377	53.6107961166939	38.9546508487235	27.4787836941142	45.4349817846436	34.6613622976421	43.282895520584	47.0532356247282	41.8770776301348	49.8618241912532	46.1771370884187	40.9397248825514	49.8660136943659	40.8639141899987	39.872588396944	41.2085990735774	47.1676261266639	38.8725164140736	58.7181091501546	28.4076208503188	45.3790292364175	45.0051220225289	38.2232374438289	45.6774914330446	38.4791628936589	34.5541934633961	38.1109523055104	64.8976358327615	41.0097189231684	45.7045143796935	34.662347217534	42.0230985518155
Cali(C1)	34.1360586330463	34.8513639657878	47.6938230042654	39.2670039749533	45.6824149681973	56.2885696137591	43.7083394169105	34.8765014429969	38.8356814299799	6.51946955771415	38.2367674661491	0	6.44080207812105	47.2560672325793	39.7416967060954	45.3824043276508	34.3733644170734	43.5007493967294	34.225949844844	43.4381990279602	36.749139643286	39.2952041899405	39.4576256944345	43.121460921712	66.1444253352872	34.9339456037787	56.1748129489272	39.2035000508613	38.9522808531943	51.0772599028798	34.1824756002208	39.6396325742255	44.3536362168671	39.6643474951007	25.5654004545888	43.2091224391149	39.9286356375262	47.3817378161855	45.4756629145312	34.8813772511042	47.44602021357	43.9694588737903	42.8279740251285	34.9769406360339	46.1531104160904	33.9745863690786	57.1516841410316	40.022226865381	41.5228847183759	44.4177813459143	5.90141340977952	41.3991466110738	7.351413517357	38.6017456864068	6.18958435946677	55.6692559224225	34.9109216721194	44.2531537957526	39.7189003073471	41.7924958382975
Catera(C1)	34.2213044624934	34.9554044613659	47.8891184346149	39.2579843561538	45.7164653719858	56.2423893306448	43.7090115180642	35.0050779094253	38.8390424244253	6.41005125506447	38.372548768744	6.44080207812105	0	47.3480016197523	39.8253766343809	45.3867305677544	34.575159886892	43.5218995308677	34.3077160918818	43.439797377664	36.6903891938582	39.4240189214202	39.3172551638314	43.076799905574	65.8378672875696	35.0737960359097	56.088355992268	39.0554919286715	38.9645348588445	51.1948522100918	34.2391974597045	39.8486822676171	44.3587091812405	39.5343089489738	25.7028058732637	43.1052484411516	39.8128668561397	47.4659500088759	45.4603895248063	34.9777055434739	47.5197385508198	44.1406479017053	42.9856208023344	35.1262955106565	46.1745696536835	34.0676902062759	57.2137664870007	40.1371027613934	41.4580320993164	44.3515889195262	4.08904556685471	41.3356538419728	5.91441201822766	38.5127457134331	5.30782785557549	55.6497114684997	35.0502066824398	44.2160863386045	39.6507461843853	41.9207566081295
Chah(B1)	50.6103243461905	48.6757953409754	53.6907987899814	50.4719236260085	50.5212386831315	63.773926494823	47.4885877262809	48.7746811673882	49.6763167308101	47.4328018453986	49.6749143154324	47.2560672325793	47.3480016197523	0	48.5642163105226	51.1312661878125	43.372190742301	50.1573581637823	50.8402062428663	51.7587095659058	45.2567409985451	49.662094336928	50.7399939009034	49.0710000557061	64.9730417267076	48.9956852117308	63.6887320338806	50.0835062198189	50.217014513954	54.9734857562818	50.2874285547948	48.4537515554993	50.3774482868966	50.4571209347972	55.1171780726846	50.8758172943579	47.7877374395011	3.10463610568794	50.4298345635028	48.6612448416904	4.17441739439875	50.0111790972421	49.4399790358484	48.8350877593873	51.4727406679793	50.0930069404402	58.6628430445992	48.9628039833324	49.1191180863925	49.5877326160828	47.0378359442932	48.2720681768591	47.4293738593243	50.2543724667726	47.1801902608246	57.2618480332733	49.0418790299854	49.8663842843995	50.542236840875	51.9316628086879
Che12(A2)	39.6367462204314	40.716204938302	50.1417655443597	34.7976283494244	46.9499821981069	61.0663336205405	52.1175540912239	40.728005004366	35.5586995210014	39.6304088524225	28.5415824440255	39.7416967060954	39.8253766343809	48.5642163105226	0	46.5566232156541	42.5163204088086	44.788932303237	39.6190400070142	47.1743836630491	38.9549878056672	25.0132759559544	35.5296883524846	45.7437687717656	66.0887460623099	40.9250405678551	60.8929802067422	35.940242758544	35.7767751081622	53.3820016225514	39.4825037817993	22.8091391023475	46.3580551522361	35.4326757855659	45.8888027302719	47.3190520086092	41.0263989929963	48.7429213123253	46.6103878696352	40.7164048307316	48.7558510100232	42.3746695164717	41.3671766822592	40.8600422773735	47.864459330654	39.5662243406283	58.2413950945033	25.3960158476243	45.866566283097	45.6880327321866	39.6629645407252	46.0843335191991	39.9125699448748	35.6799753906584	39.5586943145566	64.7993760937131	40.5531693093739	46.4871053146905	35.406597815949	42.0524642790536
Che8(F1)	40.9311306422027	41.6732291660886	39.6578202942802	45.3916972926884	20.3311300778663	56.0597226092324	47.1008053466338	41.5421658902023	44.5689533767139	45.4358665510661	46.1228566072067	45.3824043276508	45.3867305677544	51.1312661878125	46.5566232156541	0	38.2091091950741	25.7268617766747	41.3835150625958	49.7605036637696	39.0868336475858	46.1310469978181	44.6868509056949	22.3667088297123	51.4889872632278	41.7488732002166	56.2814843996493	45.2652464863044	45.4975547610908	43.9214389953884	40.3268604537958	45.69354473151	19.2174924779255	44.9168346751941	53.4629907466343	47.0935208547787	34.946942596634	51.4008588196885	19.6915819870159	41.5930243169488	51.306084246132	51.7592571801917	50.3276423567329	41.7875060740879	19.2186165607255	41.1330018866149	47.4137428342146	47.376941986782	45.5807008053811	21.4638995602473	45.2574665823434	45.438754884257	45.5511538260619	45.8235585297249	45.2330050486282	57.309892336773	41.731700381297	21.2018267836568	46.3354465902653	35.8860254225935
Che9c(I2)	38.4362467904643	36.8347739926662	41.7094667684145	41.1938467355596	37.9178102720435	49.7662319369497	35.3363009523687	36.8518246780172	40.0428236221385	34.7025714233426	42.0386086699263	34.3733644170734	34.575159886892	43.372190742301	42.5163204088086	38.2091091950741	0	37.6138332983804	38.5948908688257	46.4699064533984	36.3648319528766	41.3726232277746	40.969033287205	36.4329319345262	56.7141173889329	36.8412590105307	49.4759675657452	40.7680042145817	40.9940740274891	44.553456439642	38.0891866878686	41.7974731391579	36.996917434159	41.0050268658172	40.4795995798439	45.1506364171202	36.8066976981122	43.5949253539686	37.7908689628015	36.7850043048923	43.6036975033082	45.3617399015888	44.2036950104532	36.904041884669	38.2571032423007	38.2742337347289	48.6973208722752	41.4707873665175	43.539640354172	37.1305194340577	34.6467287390562	43.3729832763853	34.7207285337948	40.9211289360305	34.4887999208377	49.4931679814391	37.078550043694	37.4472831990074	41.8148689919754	40.8271859007967
Che9d(F2)	39.9218031822133	39.518039734084	39.4472740686468	44.3745134598817	26.7053469600947	55.3463988135273	47.4395212501009	39.4899275335544	43.6944183715589	43.5310528334984	44.1186200697496	43.5007493967294	43.5218995308677	50.1573581637823	44.788932303237	25.7268617766747	37.6138332983804	0	40.1534197360217	47.9321063029368	38.059143216786	44.9309224712038	43.6545638217537	27.0099104797441	52.3115294690518	39.5774687109842	55.4808806358415	44.2833282852065	44.3857453494338	43.9635079818379	39.1535702210297	44.3481611107248	26.688258798848	43.8819166419434	51.9109059154256	45.5654009005613	34.7310094792005	50.3863643722889	26.203476667554	39.4930363255366	50.2926082689733	50.5154879265797	48.9280438413227	39.6694596941914	27.0009540479857	39.6740637872548	47.7717768478944	45.4383870121381	44.8122814457788	26.412456372128	43.413711617294	44.8603927085766	43.5305129213472	44.9379637138168	43.3672812941974	57.6699847434943	39.681659636193	27.3539741522324	45.2650770632358	34.8597278108734
Cjw1(E)	8.00379420453344	34.2156307369149	44.374541705111	41.3919126127116	41.8344323993038	59.0602124838638	50.0190417378559	34.1408214693104	41.0345564990235	34.249609581377	38.840337948613	34.225949844844	34.3077160918818	50.8402062428663	39.6190400070142	41.3835150625958	38.5948908688257	40.1534197360217	0	45.0636088918101	37.0042830041043	39.8819740407093	41.1722404556124	40.733638500447	63.4282240433744	34.2319525138626	59.0173554021363	41.2645165122923	41.474519794833	49.0214610809666	11.6124672480533	39.0693388325544	40.9600065773951	41.4082901772938	40.7841617479284	43.6955808006458	32.3415912686413	51.0372149444894	41.9249947510907	34.183652095075	51.0084264659152	49.229774037954	47.9658530974997	34.2512581014254	42.5235709397324	9.86898020707098	55.1418188855677	39.8177990461514	43.7759658302479	41.2659839548772	34.3697551351949	43.7272133895548	34.4469194946429	41.7647126510262	34.1775257591404	59.6560040943586	34.1044097876231	40.9138407546988	42.3667077941234	34.6311134383177
Cooper(B4)	44.8720891245523	46.4326531214144	53.799787871298	49.2215232235074	49.6615087229232	66.3205523663966	55.2051990356926	46.5180772975504	48.7035459779496	43.4212332846182	46.7963368743251	43.4381990279602	43.439797377664	51.7587095659058	47.1743836630491	49.7605036637696	46.4699064533984	47.9321063029368	45.0636088918101	0	41.6672913822702	46.0504939016401	48.5433213104405	48.2329515968127	66.7425544721036	46.5898921109356	66.2627763537813	48.5148814839077	49.073921292443	59.9651384045926	44.7502351410293	46.8504270649635	49.041773660866	48.8148246273148	45.6636944108825	22.4610576982367	48.6766270580288	51.8048834172033	49.5947389176453	46.4828685907042	51.7617359900945	52.8189674375611	52.1285072747554	46.5807477036145	50.2581085855859	44.9888410782918	64.3609989581865	48.8373021615757	36.8748524519172	48.6646704721532	43.2694561771829	36.9996036668374	43.6214872100105	49.2439961880595	43.3368388021521	61.9948640518694	46.5061347510617	49.0581150215114	49.3501988401667	46.9652366839644
Corndog(O)	36.7798315506588	38.2752795619807	45.686986787795	40.4773212797284	39.5060517449898	55.1442670162389	44.5905891154227	38.3348946345175	40.0860012110189	36.8303920505053	37.7077650733227	36.749139643286	36.6903891938582	45.2567409985451	38.9549878056672	39.0868336475858	36.3648319528766	38.059143216786	37.0042830041043	41.6672913822702	0	38.9251803370729	40.1014394410754	38.2532250882535	58.3023065945303	38.4715019269778	55.0243512931846	40.2088724873327	40.3323284721951	48.0439997935131	36.5795381044689	37.7189877520476	38.7829569446364	40.1370106905438	42.6936574841569	40.673893023682	37.4688616418272	45.4067137667171	39.0364351945787	38.3029607022345	45.2678309066508	46.1425963032252	44.997869412709	38.4998419102085	40.0535206556584	36.5814312407063	53.2980056390478	39.2237004397718	39.9075999324033	38.4818189946969	36.7367698147163	39.7562405789738	36.7459749257233	40.4803863959204	36.7140009151682	56.1566494679094	38.4206852190056	38.5302724418714	40.9339058606972	39.5946187882168
D29(A2)	39.7217203903944	40.998677101389	49.9525951225686	33.8960575801799	46.8069806208431	60.1048957223516	50.9280656437524	41.1432177996996	34.1262670049043	39.2458492868955	27.5165670893518	39.2952041899405	39.4240189214202	49.662094336928	25.0132759559544	46.1310469978181	41.3726232277746	44.9309224712038	39.8819740407093	46.0504939016401	38.9251803370729	0	34.2836649894701	45.1897635101456	66.2067538600717	41.5246522209755	59.9301756072012	34.8842605978104	34.503728207043	53.3576103016387	39.7424539297797	23.6541976946113	45.8442397993071	34.2922220215718	43.8960966844086	46.3157572107023	41.8236910649652	49.8423374853592	46.6078983321558	41.0212658161048	49.8459947566571	40.7904571953066	39.7885342116996	41.3572262290969	47.4220928865575	39.7902363126197	58.3367881008994	26.061606853337	45.1500378334972	45.5230988926776	39.3477669655757	45.3417376507593	39.5214067956688	34.4699439660298	39.1939417941159	64.1517791997769	41.0975034441969	45.7840019808407	34.1780860989067	42.495907159558
DD5(A1)	41.2167203431715	42.9930107765374	49.9318007343479	16.4240736080671	44.7590880514201	57.1414494063365	48.699335098523	43.0009783821111	18.9392644162556	39.1671299028995	34.660176131017	39.4576256944345	39.3172551638314	50.7399939009034	35.5296883524846	44.6868509056949	40.969033287205	43.6545638217537	41.1722404556124	48.5433213104405	40.1014394410754	34.2836649894701	0	42.5182394365177	63.984353860572	43.435366027187	56.9143149607091	17.2021998838639	17.3526954092242	51.2767363955552	41.0203640344695	34.6749203897813	43.7044010498839	6.36379915447561	45.2267304999999	47.9915521812387	40.1762656989583	50.906550668675	44.7380406037266	43.0193848509135	50.8617068011854	42.2555443581245	41.19197472655	43.1401706678565	45.5637978647577	40.9570008232614	56.2957644885588	36.2008953433944	47.4468435471666	43.9060182224853	39.1731560320517	47.7692840375316	39.6297404914164	16.4162692905396	39.1669196714246	60.7807401124456	43.1949377882866	43.7831812550719	16.5730488919489	42.8171353526035
Fruitloop(F1)	40.1380131592657	40.421698929943	39.6797489215098	43.3366044654394	20.8712897550307	54.4520565386698	45.5335700886703	40.4014132488661	42.78354206899	43.0596882138292	44.9610218121668	43.121460921712	43.076799905574	49.0710000557061	45.7437687717656	22.3667088297123	36.4329319345262	27.0099104797441	40.733638500447	48.2329515968127	38.2532250882535	45.1897635101456	42.5182394365177	0	51.6261008425633	40.4325692880858	54.4973501934109	43.1616044264358	43.3780719699549	43.6707142910024	39.7163751259187	44.9038373074692	19.5658359297173	42.6848970509488	51.2578936040081	45.7127790693295	34.0522340426207	49.3351838568113	20.7654650945818	40.3455541677285	49.1707085639691	50.1663631571876	48.5907879555199	40.5496236801269	19.7846658858894	40.3957781606718	47.1068841188437	46.6480381691267	44.2805739307447	21.010864081703	42.9386962901421	44.1470637194816	43.1040313455202	43.9479192090278	42.9060663500923	55.4155198373308	40.508337019211	17.9243745088405	44.282808759176	35.3932091506169
Giles(Q)	63.2882519150988	64.8426144559684	57.1389012959926	65.2128094579694	51.412411214645	64.2903943515069	59.4901332926522	64.8583089370289	63.9552320488199	66.1291703340829	65.940365482806	66.1444253352872	65.8378672875696	64.9730417267076	66.0887460623099	51.4889872632278	56.7141173889329	52.3115294690518	63.4282240433744	66.7425544721036	58.3023065945303	66.2067538600717	63.984353860572	51.6261008425633	0	64.9564453029426	64.5463933439842	64.5671084910409	65.2947028090042	59.6974977837522	62.786770501505	65.4873279136954	51.4502461659635	64.0323405938926	71.8119298519048	65.0487888303586	57.8117049193861	65.1345120873078	50.5327378133228	64.7683591983069	64.9803165641874	64.1040485244557	62.8673204432991	64.9484894558184	51.4086340405332	63.3405300278786	62.5449778018306	67.0154975728435	62.2134181723903	51.085074932201	66.0132299567073	61.8484344114017	65.9577928952124	65.3623847577128	66.0681185789543	70.273627384081	64.8209314510335	52.1498158726302	65.3319322381824	61.3003095849084
Gumball(D1)	34.0717402498119	8.16563164661344	42.3084601548308	43.265836356273	41.8260577155172	55.9349649850256	48.0776570501866	8.57082300658518	42.9002201686512	35.2114530023729	41.2488499396584	34.9339456037787	35.0737960359097	48.9956852117308	40.9250405678551	41.7488732002166	36.8412590105307	39.5774687109842	34.2319525138626	46.5898921109356	38.4715019269778	41.5246522209755	43.435366027187	40.4325692880858	64.9564453029426	0	55.9188067875197	42.9282132593813	43.3060330080775	45.6593958387829	33.555951184051	40.8350368375394	41.331628725685	43.3159949766997	42.4433611821634	45.193671245061	35.359431621945	49.1862433259984	42.1425285997801	8.17867595084289	49.1728108357942	50.4886724065978	49.346039698207	9.19295802420605	42.7923167448294	33.8301053890259	50.3472239491339	40.9638099060228	46.0157095341951	41.1732184050966	35.0360075081736	46.0424051566801	35.2546644090709	43.6857880099433	35.0272567281393	56.0415354547734	8.84911448481846	40.7297926847393	43.8094147869763	35.341121407727
Halo(G)	58.9671196299221	55.6966045507736	53.3164270363005	57.2199473935978	55.9171101903546	9.1997745265038	51.3722163413047	55.7808646435244	56.0879509334342	56.2543068159422	60.5613898655484	56.1748129489272	56.088355992268	63.6887320338806	60.8929802067422	56.2814843996493	49.4759675657452	55.4808806358415	59.0173554021363	66.2627763537813	55.0243512931846	59.9301756072012	56.9143149607091	54.4973501934109	64.5463933439842	55.9188067875197	0	56.6054073027329	57.3305964621387	50.8726651541833	58.6404761231359	60.7382399760068	55.2392717112476	56.9263043065787	61.887752301945	64.499620756011	55.2726475186885	63.8439623916363	56.5270856424568	55.6734395333699	63.8314941173251	58.5984229066286	57.2033596701543	56.0467525168315	56.4225936189251	58.7350769164093	52.5779202449479	59.8374030757829	64.419379296243	55.3715960119132	56.2004321194986	64.5330892904587	56.1646308283321	57.1439081128913	56.1692743258898	60.383096165936	55.9346048956544	56.1235197360251	57.2621218809459	59.6502714833972
Jasper(A1)	41.3190624533692	42.3614708446834	50.1787938370584	18.7455325162635	45.1438240812522	56.8296535058247	48.4066912279316	42.4138038350157	21.0575796974667	38.9885479398539	34.8369058038143	39.2035000508613	39.0554919286715	50.0835062198189	35.940242758544	45.2652464863044	40.7680042145817	44.2833282852065	41.2645165122923	48.5148814839077	40.2088724873327	34.8842605978104	17.2021998838639	43.1616044264358	64.5671084910409	42.9282132593813	56.6054073027329	0	19.6406773892779	51.4623603949988	41.0334095675958	35.2385747357774	44.4065397764206	17.1257101697769	44.7013416764772	47.9854582842591	41.0686596516803	50.2547084891608	45.3391470186331	42.3996540754387	50.2223557590357	41.7485892402427	40.7163197090595	42.4821462379097	46.0330295609102	40.7791540679184	56.7368188860677	36.3635943495511	47.34487491494	44.3549015246983	38.9488058526985	47.5712006368245	39.3636292664899	18.8122317670366	38.9258992634156	60.2400936472425	42.6555107191842	44.2853801197554	18.6534546727294	43.4052591790652
KBG(A1)	41.4452001681537	42.8584234065908	50.4735965563614	16.7125805050196	45.5457321284773	57.5692973190529	48.803685896802	42.8964455476703	18.7944201435897	38.7921331008924	34.5862112442377	38.9522808531943	38.9645348588445	50.217014513954	35.7767751081622	45.4975547610908	40.9940740274891	44.3857453494338	41.474519794833	49.073921292443	40.3323284721951	34.503728207043	17.3526954092242	43.3780719699549	65.2947028090042	43.3060330080775	57.3305964621387	19.6406773892779	0	51.3647724410132	41.2106923351739	34.8015331238447	44.4812980072343	17.8852698818799	44.8994149666362	48.5647857365924	40.0419788342745	50.3891485705151	45.5191606981366	42.9204639156667	50.3724637816521	41.8880856735409	40.8621738131345	43.093902742871	46.272762228556	41.062709517499	56.6050102919922	36.0130353582953	48.021631480082	44.7887744330155	38.7514921067503	48.2246617507084	39.2238731815004	16.1536029494122	38.7383455720006	61.2777958908902	43.2523489680118	44.2321207984315	16.5367286469391	43.1371508815694
Konstantine(H1)	48.7703680886326	45.4788978191236	33.7079238120112	51.4302873726511	43.792772025104	50.8385708486684	49.4052480463843	45.5017899726404	50.5710116317592	51.398291024555	53.6107961166939	51.0772599028798	51.1948522100918	54.9734857562818	53.3820016225514	43.9214389953884	44.553456439642	43.9635079818379	49.0214610809666	59.9651384045926	48.0439997935131	53.3576103016387	51.2767363955552	43.6707142910024	59.6974977837522	45.6593958387829	50.8726651541833	51.4623603949988	51.3647724410132	0	48.069700554102	52.9212576625181	43.5588755755957	51.4269178186897	60.8200227028768	56.9624530517737	39.592658611773	55.1810893083505	44.7650708427936	45.4049459371515	55.0874665238908	56.7355236769498	55.3957657313732	45.4903123105567	44.494200946306	48.173560185434	26.3199417984692	53.3614425971038	55.6560302564343	43.7940370710969	51.1422190313251	55.9920299721821	51.4167126754552	52.1422543186978	51.2057195737167	57.3300554502103	45.6626281987624	43.4352114742074	51.6890669345559	44.2747806354961
Kostya(E)	11.7109005656991	33.4829352083141	43.6304475981099	41.0747381191646	40.784585381829	58.6663167409007	49.3930782682167	33.4280038017867	40.7879205352878	34.2413654928065	38.9546508487235	34.1824756002208	34.2391974597045	50.2874285547948	39.4825037817993	40.3268604537958	38.0891866878686	39.1535702210297	11.6124672480533	44.7502351410293	36.5795381044689	39.7424539297797	41.0203640344695	39.7163751259187	62.786770501505	33.555951184051	58.6404761231359	41.0334095675958	41.2106923351739	48.069700554102	0	39.0151643377549	39.8637150148942	41.2495239447842	41.0894217555446	43.0220081571944	31.4551981484039	50.4837181949603	40.9825833793095	33.4431168648674	50.4536960424657	49.1781553176416	48.0109943655473	33.5216511006372	41.4393152669164	12.3698403335098	54.1256688428831	39.8981777165044	43.4425324478996	40.2306921748158	34.2832031284909	43.3385754117062	34.3381160695287	41.5671527449882	34.0695311580034	58.5245458426017	33.5444229070749	39.8711419656645	42.0355478064598	33.8436223039411
L5(A2)	39.0256410326972	40.3811362390386	49.7173093253698	33.9586649067675	46.3965473218815	60.9459655203064	51.7197375573401	40.4645138787404	34.8368725567709	39.5560215677683	27.4787836941142	39.6396325742255	39.8486822676171	48.4537515554993	22.8091391023475	45.69354473151	41.7974731391579	44.3481611107248	39.0693388325544	46.8504270649635	37.7189877520476	23.6541976946113	34.6749203897813	44.9038373074692	65.4873279136954	40.8350368375394	60.7382399760068	35.2385747357774	34.8015331238447	52.9212576625181	39.0151643377549	0	45.5541017492631	34.6928610703386	45.3210486434113	47.1299179248537	40.545994167499	48.6515101980105	46.0417498572483	40.3961619596135	48.6368037231796	42.5763600606096	41.5191811559611	40.6109502032562	47.0753590880187	39.1017828102818	57.763726405636	24.999876388617	45.8416505014125	45.1465460838577	39.7056579802183	46.0885237105042	39.9971914964457	34.7033019317462	39.6007470182593	65.007185474277	40.332985239101	45.5956423517634	34.3934087204888	41.5372184972239
Llij(F1)	40.4486624205079	41.2219375645213	39.2776135641548	44.5601247113553	19.0099911676426	55.0185894092616	45.9799323080577	41.1516248736189	43.8857745492022	44.4395849267828	45.4349817846436	44.3536362168671	44.3587091812405	50.3774482868966	46.3580551522361	19.2174924779255	36.996917434159	26.688258798848	40.9600065773951	49.041773660866	38.7829569446364	45.8442397993071	43.7044010498839	19.5658359297173	51.4502461659635	41.331628725685	55.2392717112476	44.4065397764206	44.4812980072343	43.5588755755957	39.8637150148942	45.5541017492631	0	43.9514550428444	52.010283609246	46.5508731295032	34.0987456843136	50.6424962334536	17.8122870586539	41.1497347531411	50.4971530099707	51.2620602624033	49.85483450446	41.4098568173947	13.4938295252604	40.6615660902807	47.133579608007	47.0507911810844	44.6430394066743	19.7416424412366	44.239549720173	44.4944149712842	44.4384122275806	45.0752643609424	44.251309214883	56.0577491866015	41.3423001015416	19.9480606744281	45.527799020266	35.3525017562706
Lockley(A1)	41.4262862574061	42.8834746469084	50.1064696018186	16.6368964009795	44.8732226875982	57.1279338314011	48.6726805786014	42.9210160910955	19.0217752736828	39.3765053713313	34.6613622976421	39.6643474951007	39.5343089489738	50.4571209347972	35.4326757855659	44.9168346751941	41.0050268658172	43.8819166419434	41.4082901772938	48.8148246273148	40.1370106905438	34.2922220215718	6.36379915447561	42.6848970509488	64.0323405938926	43.3159949766997	56.9263043065787	17.1257101697769	17.8852698818799	51.4269178186897	41.2495239447842	34.6928610703386	43.9514550428444	0	45.4594009799198	48.2274985533517	40.3557610537203	50.6278510754906	44.909914148863	42.9180394063796	50.5867835178896	42.101576585128	41.0301820033326	43.0011567137051	45.7700666413369	41.146653709894	56.3772329664435	36.1206207585679	47.7439464328078	44.0342823500445	39.3791104913061	48.0664224426146	39.8421298317847	16.911711701949	39.3618431420874	60.6795180149241	43.066254505021	43.9597559333478	16.7023755123556	42.9858413324739
Myrna(C2)	40.8279061983039	42.0983004805146	56.4109142071971	45.0509611339382	53.6943147278945	62.1893372203963	48.0358667998539	42.1436978569428	44.6431682713019	25.6322083634157	43.282895520584	25.5654004545888	25.7028058732637	55.1171780726846	45.8888027302719	53.4629907466343	40.4795995798439	51.9109059154256	40.7841617479284	45.6636944108825	42.6936574841569	43.8960966844086	45.2267304999999	51.2578936040081	71.8119298519048	42.4433611821634	61.887752301945	44.7013416764772	44.8994149666362	60.8200227028768	41.0894217555446	45.3210486434113	52.010283609246	45.4594009799198	0	47.357850912994	49.9223872429396	55.1923985420619	53.5246458633508	42.1600615258191	55.3066921205067	48.0377125997299	47.1225283432999	42.2351079279185	53.9094092933769	40.8929155079591	66.8662251541239	44.7657737706777	46.1573076052517	52.5552096615049	25.8453779095394	46.1716792395487	25.7649741507336	44.0304076897531	25.6634579984074	60.1250562799973	42.200101784322	52.5606565439995	45.2045716909926	50.8310580751163
Nigel(B4)	43.5147520295092	45.0296904461151	51.1657119396979	48.6441482521701	47.1063035307822	64.4287445321199	54.444082037229	45.0582945694135	48.1554090019121	43.2601902186085	47.0532356247282	43.2091224391149	43.1052484411516	50.8758172943579	47.3190520086092	47.0935208547787	45.1506364171202	45.5654009005613	43.6955808006458	22.4610576982367	40.673893023682	46.3157572107023	47.9915521812387	45.7127790693295	65.0487888303586	45.193671245061	64.499620756011	47.9854582842591	48.5647857365924	56.9624530517737	43.0220081571944	47.1299179248537	46.5508731295032	48.2274985533517	47.357850912994	0	45.8305163514323	50.9775638920129	47.1109831057436	44.9950400841511	50.9034225707617	53.3741871947589	52.3784469300326	45.1447038309114	47.8742549553013	43.5337900071594	61.1210491690086	49.0462100987778	37.0828396803507	46.1773833537025	42.971556051351	37.1054724580801	43.3406134478295	48.8375877439441	43.0568874133487	59.983714088134	45.0414038850765	46.4762778290077	48.9627720627941	43.8330415480937
Omega(J)	32.0514256037837	35.381251906802	39.0783852701708	40.2948852591119	34.813087809644	55.3367264009134	47.4679569954694	35.4189103820622	39.7765825612333	39.9155590862639	41.8770776301348	39.9286356375262	39.8128668561397	47.7877374395011	41.0263989929963	34.946942596634	36.8066976981122	34.7310094792005	32.3415912686413	48.6766270580288	37.4688616418272	41.8236910649652	40.1762656989583	34.0522340426207	57.8117049193861	35.359431621945	55.2726475186885	41.0686596516803	40.0419788342745	39.592658611773	31.4551981484039	40.545994167499	34.0987456843136	40.3557610537203	49.9223872429396	45.8305163514323	0	48.0113784264367	35.2229733996829	35.3758910549893	47.8616851461061	49.383354632514	48.0914515439417	35.4922382842051	35.4567848034512	31.6439698449341	44.3892086754297	42.1905180050726	45.0994611864658	34.7165112666565	39.7280588545066	45.1076114872444	39.9267650479877	41.4971632522701	39.7283643938853	55.6958443028645	35.5128901877704	33.8319073532291	41.1914029579335	31.8147879315583
Orion(B1)	50.7850676921891	48.8780532174929	53.9159996162816	50.6606938056607	50.804548038483	63.9321021423671	47.5909346533018	48.9724955435159	49.8512546940585	47.5596508756813	49.8618241912532	47.3817378161855	47.4659500088759	3.10463610568794	48.7429213123253	51.4008588196885	43.5949253539686	50.3863643722889	51.0372149444894	51.8048834172033	45.4067137667171	49.8423374853592	50.906550668675	49.3351838568113	65.1345120873078	49.1862433259984	63.8439623916363	50.2547084891608	50.3891485705151	55.1810893083505	50.4837181949603	48.6515101980105	50.6424962334536	50.6278510754906	55.1923985420619	50.9775638920129	48.0113784264367	0	50.7412523696281	48.8664961371773	3.17646925808133	50.079214085375	49.5304975524667	49.0350459281646	51.7779948161631	50.283606332944	58.8931558239707	49.1528548270963	49.2002909444686	49.8738645902311	47.1479419267005	48.345672730263	47.5383049729918	50.4302981539022	47.299328763687	57.3851438113567	49.241299481183	50.1557904192355	50.7103315334673	52.2147919966705
Pacc40(F1)	41.4039899554938	42.1504482895959	39.7174553597434	45.5326330092984	20.3002074972852	56.2661576162267	46.6894321914919	42.0884261842019	44.5004766938861	45.5132158251325	46.1771370884187	45.4756629145312	45.4603895248063	50.4298345635028	46.6103878696352	19.6915819870159	37.7908689628015	26.203476667554	41.9249947510907	49.5947389176453	39.0364351945787	46.6078983321558	44.7380406037266	20.7654650945818	50.5327378133228	42.1425285997801	56.5270856424568	45.3391470186331	45.5191606981366	44.7650708427936	40.9825833793095	46.0417498572483	17.8122870586539	44.909914148863	53.5246458633508	47.1109831057436	35.2229733996829	50.7412523696281	0	42.0727853676091	50.5901218226431	51.8675287144059	50.4484115122615	42.3473171201546	16.9480578134064	41.7375764397651	47.8579051582314	47.8828297823148	45.3656710857636	19.6780658217704	45.323555838743	45.2569552537761	45.5653098115902	46.1733416440091	45.3699106334872	57.0008035502764	42.1753421927419	20.6663890222644	46.4499776791732	36.4956625290859
