244(E)	Adjutor(D1)	Barnyard(H2)	Bethlehem(A1)	Boomer(F1)	BPs(G)	Brujita(I1)	Butterscotch(D1)	Bxb1(A1)	Bxz1(C1)	Bxz2(A3)	Cali(C1)	Catera(C1)	Chah(B1)	Che12(A2)	Che8(F1)	Che9c(I2)	Che9d(F2)	Cjw1(E)	Cooper(B4)	Corndog(O)	D29(A2)	DD5(A1)	Fruitloop(F1)	Giles(Q)	Gumball(D1)	Halo(G)	Jasper(A1)	KBG(A1)	Konstantine(H1)	Kostya(E)	L5(A2)	Llij(F1)	Lockley(A1)	Myrna(C2)	Nigel(B4)	Omega(J)	Orion(B1)	Pacc40(F1)	PBI1(D1)	PG1(B1)	Phaedrus(B3)	Pipefish(B3)	PLot(D1)	PMC(F1)	Porky(E)	Predator(H1)	Pukovnik(A2)	Qyrzula(B2)	Ramsey(F1)	Rizal(C1)	Rosebush(B2)	ScottMcG(C1)	Solon(A1)	Spud(C1)	TM4(K2)	Troll4(D1)	Tweety(F1)	U2(A1)	Wildcat(Singleton)
244(E)	0	3.69124671912154	5.59043659920217	5.22873193083718	5.35960506360303	7.88868877612466	6.6411588439116	3.66059235594291	5.11095273316337	3.90374571702263	4.58514200141111	3.8966572984366	3.91167732882954	6.39344263077515	4.66971466123555	5.29364258682704	4.62931179971885	4.92843636615677	0.416781688799471	5.52201107310294	4.17776926919025	4.72938565658622	5.17546889872467	5.21118321858619	9.09973379659128	3.65019174997447	7.87592473995231	5.08316466892911	5.23206316188582	6.78188183689738	0.687352855152218	4.59888960891831	5.2457290959495	5.19507553387555	4.93519346053223	5.26133851109155	4.04239112798781	6.42725615090297	5.3970679410811	3.68738054954619	6.43759617310167	6.48831961639576	6.33673503502892	3.63559083132376	5.53376853208355	0.527352417702324	7.86411823650429	4.74353111314784	5.26440660669984	5.25268897568532	3.93812294309254	5.24132521520778	3.93430582156103	5.29133023098198	3.91547889542844	7.60059905614281	3.64856318537516	5.15555090103495	5.38389530310673	3.900020135532
Adjutor(D1)	3.69124671912154	0	5.06768451486357	5.40874622791803	5.40291965081608	7.1514155570671	6.12798647581868	0.183929982813606	5.2816331041832	3.94843401651375	4.8593196203703	3.90650149293186	3.93925260844426	6.01193482510574	4.71545486430547	5.42433756600335	4.21043279075266	4.98105505609041	3.73709487772172	5.68488852778511	4.2275576627209	4.75967872061169	5.4189459787585	5.17892361284612	9.31248780228721	0.425781823819405	7.16840695611444	5.22055764690648	5.38069985972998	6.13543780191851	3.56899471836987	4.77730590099112	5.35018763147132	5.37009387163106	5.14285484030198	5.37501443478135	4.51344561163488	6.04417044009098	5.48793637547298	0.0896787047913022	6.06374106203774	6.59727918804758	6.44020404404635	0.369240855835534	5.6109021360265	3.62776740389228	7.08102482984427	4.83371383432711	5.61658846957863	5.31434244563109	3.94318116088884	5.61228494950585	3.95096185002794	5.45127448131628	3.95592692822975	6.97594389979961	0.375484294639728	5.14333500437809	5.48246501920091	4.05641405439578
Barnyard(H2)	5.59043659920217	5.06768451486357	0	6.73436751247535	4.3105247214348	6.03231386747817	5.71978296971539	5.04456623545643	6.50216170791033	6.42797770925789	6.62001935707196	6.37577159666076	6.37421662723896	6.8213335384551	6.56685207269903	4.30052167962949	4.50341489547359	4.32502407133935	5.62625741352777	7.07078334835	5.2862763020752	6.45222808322451	6.6462158818806	4.42722347598283	7.24375570287943	5.09484665527181	6.05632453361172	6.55640459729704	6.79901682040628	3.33740444022709	5.41343662928944	6.52105919882707	4.30951466502194	6.66139993133377	7.61376890734942	6.51368697422001	4.57487847422408	6.86335618993965	4.39747185468525	5.05022012197191	6.85848156232552	7.43999228873392	7.22054025282515	5.05218945204761	4.49988526052302	5.50705359720408	3.74709453176343	6.66827820429751	6.45577359680285	4.32974780434872	6.40896838559137	6.4910622007799	6.39552595176351	6.84179797693149	6.40702053780062	6.6007303106022	5.07584088416842	4.30174380648904	6.82046758501109	4.68533049477473
Bethlehem(A1)	5.22873193083718	5.40874622791803	6.73436751247535	0	6.09463683460745	7.18293227464066	6.1459450301668	5.41102240385671	1.08790792231153	4.68194995016167	3.29734429439014	4.69642430914647	4.69712909375836	6.36804250719963	3.39584440398545	6.06358912507418	5.08162457311391	5.80732653572537	5.22575758109067	6.54401719117196	4.73094479282407	3.04370256351487	0.847269937378842	5.80255307371593	9.38238586012762	5.49577758875518	7.15460417688926	1.07078860428446	1.01521150837706	7.09449508706458	5.15071265153432	3.18022561735836	5.94944084635983	0.885642370374169	5.52613926341265	6.47047510722162	5.47397666130975	6.39072335877634	6.1944446635591	5.41559688638656	6.4031155464247	4.6402993604107	4.51158312510918	5.4513291377901	6.23131017178652	5.16631208875407	8.02135507436111	3.37390060954474	6.43920732910433	5.93474804832614	4.68763868387034	6.4696053674223	4.7237494974667	0.968247760789801	4.70078237052793	7.9144789717303	5.47325462905892	5.85589253909856	0.879628381631755	5.74670190226078
Boomer(F1)	5.35960506360303	5.40291965081608	4.3105247214348	6.09463683460745	0	6.85486722408955	5.59372921380622	5.39491479269387	5.87788481079858	6.05132911606074	6.1146162107985	6.05451407419604	6.03230152538505	6.16081761396489	6.15449018416172	1.10493658923199	4.02891416412797	1.75236269155331	5.42494539190358	6.04331364930939	4.35393569037737	6.01517344732413	5.94425046275811	1.29654872243756	6.03542258272511	5.41725178703842	6.88466979421503	5.90328952264467	6.17278723632224	5.5081334873655	5.19234554976322	6.05525139260695	1.05389829179852	5.95049952884101	7.27503546635087	5.56254432312592	4.44796913017269	6.20209151482288	1.16152409482713	5.39150882240585	6.18463942343057	6.77692314959146	6.53745840013078	5.40080198661958	0.833375355208205	5.35518858605955	6.12802935883031	6.38682613900244	5.22705447273117	0.930007793220285	6.03034219699537	5.24221668754104	6.03516141147845	6.2048051143833	6.04348473335822	6.89251196033581	5.45747324738934	1.30965951052294	6.20259268566896	4.16642508214348
BPs(G)	7.88868877612466	7.1514155570671	6.03231386747817	7.18293227464066	6.85486722408955	0	5.43367351596432	7.16088612537734	6.97603427702744	7.51856624633887	7.84494932355918	7.47995466840017	7.49211287159163	7.82302977376067	7.74092360955987	6.9353575250824	5.32418563885324	6.94030273855715	7.91210888314946	9.15372666775067	6.63112432497948	7.52100939888905	7.16475593138711	6.67968348232407	7.69360154084518	7.17142126958048	0.556251310094414	7.01488706928962	7.29096691439073	5.39131820359427	7.76156519649999	7.76115767226353	6.84727633822249	7.11487986938477	8.4853371111089	8.71324791301133	7.03708201407334	7.84406914869141	6.96183439165652	7.13911646763453	7.8502989729985	7.03785326179857	6.82767132222954	7.19954622758175	7.01337077585461	7.84744424736275	5.73110143553216	7.55864735405543	8.72424798385718	6.82839426651149	7.51134983385686	8.74640228773141	7.50165763718362	7.15822814879693	7.50419547280262	6.95630869063052	7.17788455626968	6.86369346737971	7.18892292368584	7.96477845124806
Brujita(I1)	6.6411588439116	6.12798647581868	5.71978296971539	6.1459450301668	5.59372921380622	5.43367351596432	0	6.12781094440921	5.87215479584761	5.66335801662588	6.61670942430498	5.6335714312235	5.63346377269497	5.02493403331837	6.53002102758351	5.70806719116082	3.09690513743342	5.79388338388659	6.70511535276675	7.24759345801371	4.92007308905765	6.36219355594856	6.089557364246	5.42939008778808	7.50038248799657	6.16619707277343	5.4126737759611	5.8830784465982	6.18426818843428	6.10174938241731	6.57466124584433	6.55657932787217	5.51498936976937	6.02348622330807	6.3485393485274	7.0840860476242	6.20441370778297	5.03287835440575	5.62088937220632	6.12755082476838	5.05714902530346	5.91912768336361	5.80498958483207	6.15278787437595	5.71983560526733	6.61735852976202	6.65772465432891	6.45132928278132	6.5953750118993	5.45127161410778	5.63770891988201	6.57176619785855	5.63241119661226	6.04676739085101	5.65213951979649	4.62387321601471	6.18833196689889	5.60494958486315	6.15916386550408	7.20296856085354
Butterscotch(D1)	3.66059235594291	0.183929982813606	5.04456623545643	5.41102240385671	5.39491479269387	7.16088612537734	6.12781094440921	0	5.28500677320935	3.95277829214072	4.86636201910529	3.90811470133931	3.94267572010712	6.01341087710904	4.71574283795662	5.41585490745556	4.20896625997076	4.97492419033624	3.70770344201099	5.67628698416565	4.22551558376631	4.76092288141598	5.41987060709874	5.17311787915239	9.31195652622523	0.46168839909028	7.17784985592066	5.21774218991857	5.38372319297769	6.12615489954094	3.54054579980695	4.77793155777464	5.33951948825535	5.37313375859406	5.14267080032647	5.36473269010126	4.51002334757458	6.0457821165224	5.47878712234026	0.190128133924614	6.06478679741497	6.60769613387004	6.45389714121006	0.356471203883681	5.60398862948367	3.59732429173737	7.07186342299923	4.83302742467682	5.61232916124968	5.30349906854174	3.94746416809519	5.60734415134948	3.95506291242053	5.45405330523918	3.96146059645439	6.98820356166626	0.368988301815472	5.13576739448415	5.48745538613986	4.04291472373763
Bxb1(A1)	5.11095273316337	5.2816331041832	6.50216170791033	1.08790792231153	5.87788481079858	6.97603427702744	5.87215479584761	5.28500677320935	0	4.52216736800174	3.38104741846795	4.54175855611404	4.52944952947483	6.13557678957314	3.4510331181763	5.8520953462982	4.76324752798914	5.60040874779411	5.11134666156455	6.40389793325287	4.52246402656641	3.07004546402992	1.04607463936582	5.57710348187887	9.05922630442662	5.36969589737702	6.9440687700259	1.20107298886147	1.09497895911154	6.88774221210477	5.03390374686702	3.27309837875657	5.73777380007623	1.03198044652749	5.38008419663377	6.33885381512102	5.28029955494697	6.15658314973742	5.95706165952193	5.28702550345429	6.16989648475355	4.52957958123312	4.38259705280679	5.31921587327241	6.01267150402502	5.05612989544497	7.83405290283737	3.4040008771608	6.27943435949378	5.73258092538409	4.52293003781308	6.30106387772486	4.56235159335713	0.966440732005428	4.54575721289522	7.68773013549609	5.34387815219094	5.62373068691901	1.02540609713235	5.67087639617598
Bxz1(C1)	3.90374571702263	3.94843401651375	6.42797770925789	4.68194995016167	6.05132911606074	7.51856624633887	5.66335801662588	3.95277829214072	4.52216736800174	0	4.35672817664976	0.342226534369975	0.333910083123879	5.86119196890769	4.4867439773855	6.05959868773671	4.03384650370171	5.70049597819595	3.94019046527942	5.46490465165144	3.96689031402101	4.39127629707385	4.69671120480986	5.6866107221128	9.65257158929787	3.94360060526731	7.52235585140542	4.53820737365848	4.58926561888769	7.40832893784415	3.95097611206877	4.52148474261711	5.88713419173846	4.68045326222743	2.56916991364907	5.4456854997866	5.54542577749717	5.88278384246115	6.07949196807898	3.95080220271146	5.9096265094861	5.49490334392605	5.36064291817492	3.98091501663058	6.18886578403126	3.89577914832195	8.45463748258603	4.58598668918836	5.16639446853095	5.91103455243216	0.300831124830184	5.15250360335004	0.384356881461392	4.59826192964648	0.26887840842382	7.16911136445516	3.9832932760081	5.77269308165545	4.72341133905896	5.41408883176143
Bxz2(A3)	4.58514200141111	4.8593196203703	6.62001935707196	3.29734429439014	6.1146162107985	7.84494932355918	6.61670942430498	4.86636201910529	3.38104741846795	4.35672817664976	0	4.36544856698686	4.40708170291838	6.32946706107008	1.85490625573787	6.0502845812642	5.07900060505348	5.57685508673247	4.54176594713742	5.99380223196568	4.0969990651387	1.79542774324304	3.41827900353483	5.93127051111142	9.43100384550147	4.92691035410157	7.84474100593431	3.36641573986247	3.35499752123579	7.57931485605566	4.52751203990211	1.77940530585432	5.97556762932364	3.39967575828677	5.15342978290317	6.0531224176225	5.60463070887711	6.35919769037112	6.12979942936466	4.86919102433547	6.38114126524094	4.62117507672688	4.5082124775925	4.90526008443082	6.25744665706241	4.52267202928524	8.46859858605932	1.94278386518421	5.82218447678312	5.92091884091301	4.40033226386705	5.83706822684358	4.41680716193537	3.40793279546638	4.38864005702298	8.61406671164591	4.88174988673525	5.93405596057172	3.44017394490887	5.2202391869689
Cali(C1)	3.8966572984366	3.90650149293186	6.37577159666076	4.69642430914647	6.05451407419604	7.47995466840017	5.6335714312235	3.90811470133931	4.54175855611404	0.342226534369975	4.36544856698686	0	0.349215936504883	5.82426052338057	4.47198464480268	6.06628368535464	3.99796171432311	5.69733060567205	3.93332351656315	5.44270311594909	3.93515857498452	4.38020218165892	4.72093814480164	5.69907976610335	9.64399286101547	3.90327388989158	7.48762771692894	4.55020118446803	4.6098388247367	7.36366173662637	3.94415059413737	4.50632452209886	5.89239948590705	4.70607668946053	2.5534173172838	5.42478179475692	5.52855417985753	5.84424917581141	6.07505483626018	3.90802003383895	5.87085352012214	5.50691154557866	5.3760458100374	3.93229189134467	6.19514884305008	3.88243226612889	8.40759341947334	4.57456492793722	5.16695099912936	5.9120587000988	0.335829184007411	5.14981994704868	0.403150816306762	4.6204631115585	0.343961770230677	7.14591008784267	3.93677487742426	5.77166973162839	4.73695958598681	5.39769362113241
Catera(C1)	3.91167732882954	3.93925260844426	6.37421662723896	4.69712909375836	6.03230152538505	7.49211287159163	5.63346377269497	3.94267572010712	4.52944952947483	0.333910083123879	4.40708170291838	0.349215936504883	0	5.83723214141307	4.51561070878113	6.04367383112922	4.0075845716461	5.68492541552689	3.94898364238062	5.42888192024788	3.9426716856432	4.41908510801052	4.70640454518449	5.66972320691787	9.61946751832189	3.93744487403065	7.49677319749584	4.54664128902002	4.59878870691796	7.35903252797747	3.95567181615212	4.55500125158632	5.86718321719409	4.69428036860054	2.57690419529536	5.40993299422173	5.52617247204938	5.8571518833808	6.05275948611715	3.94021801714077	5.88368844640938	5.52908460398606	5.39101553393072	3.96604013243078	6.16920543942858	3.90234739779096	8.39737190888772	4.62060607863809	5.13555951336655	5.89448992707721	0.232783593875699	5.12230352388848	0.27388887086617	4.61065708791847	0.273247209276617	7.11559702795764	3.9766306394845	5.75137923404068	4.73345242734238	5.40742177410737
Chah(B1)	6.39344263077515	6.01193482510574	6.8213335384551	6.36804250719963	6.16081761396489	7.82302977376067	5.02493403331837	6.01341087710904	6.13557678957314	5.86119196890769	6.32946706107008	5.82426052338057	5.83723214141307	0	6.00778550700507	6.25548023837196	4.5289150999056	5.99106008296178	6.43653951498454	6.49383169389236	4.76906135383468	6.20400370851587	6.30864316136304	5.80743600738445	8.42978034755449	6.01007566304968	7.82897414039981	6.1053364707426	6.32851586532561	7.48487965026649	6.35589038611788	6.01414338970346	6.13744103609582	6.21683806819116	7.0630137026714	6.3234590634719	6.06998393129992	0.163281764916673	6.05265723421711	6.00428557634869	0.221901184493782	6.01343818360067	5.96928119116663	6.009819134233	6.29560078977637	6.31084468559657	8.09298448804971	5.98251091910659	5.85003040875673	5.96802570307054	5.80698927836016	5.768893939669	5.83860074426323	6.30285558109847	5.85213290554788	5.99437880403065	6.04914454562067	5.9532107956885	6.31048077076169	6.80149915329726
Che12(A2)	4.66971466123555	4.71545486430547	6.56685207269903	3.39584440398545	6.15449018416172	7.74092360955987	6.53002102758351	4.71574283795662	3.4510331181763	4.4867439773855	1.85490625573787	4.47198464480268	4.51561070878113	6.00778550700507	0	6.05915590300025	5.05998744133068	5.66002904946199	4.64132144840073	6.08083501353338	4.11753714441452	1.71557011951289	3.53376679154791	5.9616774812837	9.39660148793032	4.76925497151391	7.73313562889246	3.40876147889515	3.48940092341479	7.40739164973868	4.61010216326707	1.40090984831737	6.04875459018685	3.50556804338319	5.42687625302191	6.13017934054662	5.45868010351064	6.03897476254156	6.13489578886926	4.72181925498811	6.06120158653026	4.74670260024646	4.64247161376171	4.74771105861354	6.29997114811677	4.60199217484948	8.33712041508873	1.82025564674602	5.8811639956481	5.95974376723402	4.50884613621985	5.88565222221827	4.53349553490134	3.52040616281879	4.50658070171569	8.42911004791576	4.73819873770561	5.96243007850675	3.48753547880879	5.27451386850558
Che8(F1)	5.29364258682704	5.42433756600335	4.30052167962949	6.06358912507418	1.10493658923199	6.9353575250824	5.70806719116082	5.41585490745556	5.8520953462982	6.05959868773671	6.0502845812642	6.06628368535464	6.04367383112922	6.25548023837196	6.05915590300025	0	4.13287986524386	1.64468337161127	5.3558956834785	6.08687747380482	4.32058865121207	5.92413825669753	5.91833406905496	1.48893816988458	6.12622606957261	5.44251448679072	6.96775662486909	5.8655173272327	6.1640076365155	5.52343831139988	5.10656650557961	5.95202693389199	1.13420341660871	5.93473372926378	7.28629291528769	5.60228194390137	4.46747097994982	6.29649528425588	1.2533447726822	5.41302203134776	6.28195331409878	6.82976666974412	6.59166914427694	5.42765864544968	1.07999813600587	5.29358228656397	6.19283494268614	6.27013615469245	5.27109440995508	1.23457013708624	6.04747958616198	5.29298087451101	6.04987258125561	6.17686977488522	6.05446054390213	6.94857971263909	5.4756825596853	1.39330997392404	6.18582776818391	4.16273653263345
Che9c(I2)	4.62931179971885	4.21043279075266	4.50341489547359	5.08162457311391	4.02891416412797	5.32418563885324	3.09690513743342	4.20896625997076	4.76324752798914	4.03384650370171	5.07900060505348	3.99796171432311	4.0075845716461	4.5289150999056	5.05998744133068	4.13287986524386	0	4.02516300909185	4.69271207272791	5.61149112197523	3.17135488116937	4.89194981321676	5.02074168173655	3.78300557569988	7.12543450449097	4.20360403638872	5.32951140757181	4.82355419909714	5.08929476829822	5.46434993060112	4.55383591836048	5.03409927502607	3.93622819588997	4.96493405311759	5.12087778395848	5.33384284624017	4.48587295141534	4.55429840561719	4.0633782292064	4.20596793320826	4.57201664900328	5.31597739046675	5.10738417520328	4.21736991586387	4.2175470381637	4.58666093252882	6.22770508048077	5.03821306431478	5.08592462827933	3.85390601778662	4.02768255433922	5.07821791375222	4.02047632715769	5.02959195924634	4.0284198982776	5.26691181475626	4.23425949175664	3.91372079850487	5.11096503197706	5.03075250193211
Che9d(F2)	4.92843636615677	4.98105505609041	4.32502407133935	5.80732653572537	1.75236269155331	6.94030273855715	5.79388338388659	4.97492419033624	5.60040874779411	5.70049597819595	5.57685508673247	5.69733060567205	5.68492541552689	5.99106008296178	5.66002904946199	1.64468337161127	4.02516300909185	0	4.98325444259522	5.86069488445264	3.95001090791127	5.48309417886946	5.67768097645298	1.8960974889148	6.34077804122185	4.9885779435937	6.96357273873249	5.61421973135264	5.85910161135255	5.58212963059975	4.7437267266058	5.53078732255091	1.83342279121906	5.6774059884918	6.99566675096197	5.35757526101391	4.21028922726425	6.02938510789601	1.78574601648386	4.97232689332045	6.01848480264455	6.41265075621351	6.16022765259376	4.98403372987933	1.85347666203953	4.90283701173693	6.28292430391297	5.83284640341094	5.14490623610559	1.73221039190538	5.6855789945619	5.15594651344425	5.68999424467825	5.92397807982373	5.69711737235415	7.10938719633846	5.0151166642602	1.83444469771623	5.91382692744714	3.8512568360641
Cjw1(E)	0.416781688799471	3.73709487772172	5.62625741352777	5.22575758109067	5.42494539190358	7.91210888314946	6.70511535276675	3.70770344201099	5.11134666156455	3.94019046527942	4.54176594713742	3.93332351656315	3.94898364238062	6.43653951498454	4.64132144840073	5.3558956834785	4.69271207272791	4.98325444259522	0	5.55415925305551	4.20883209227748	4.71164977642288	5.1763644267225	5.27826973095301	9.14584955603726	3.69471500950887	7.90241508428695	5.08290705318019	5.23079091577181	6.81073710555506	0.686219360734877	4.57288430258726	5.31828389949027	5.19667429954915	4.95797547126505	5.29425967260873	4.11887333045032	6.47010624460612	5.46354267634627	3.73381243287188	6.4825323751696	6.4716495365826	6.32868596374658	3.68239607618086	5.6040807364395	0.549004173063446	7.90309368218089	4.71242666626709	5.33900589985131	5.32020113179144	3.97616325896718	5.31844414805725	3.97203398274267	5.28674702696876	3.95302271896353	7.71135416937628	3.69139217598621	5.2313239946663	5.37388096384221	3.93538337048694
Cooper(B4)	5.52201107310294	5.68488852778511	7.07078334835	6.54401719117196	6.04331364930939	9.15372666775067	7.24759345801371	5.67628698416565	6.40389793325287	5.46490465165144	5.99380223196568	5.44270311594909	5.42888192024788	6.49383169389236	6.08083501353338	6.08687747380482	5.61149112197523	5.86069488445264	5.55415925305551	0	4.60169876335706	5.86507821263746	6.43726698097823	5.89976711340817	9.33860382841982	5.69444954924734	9.15617611808553	6.25869294966522	6.4998727508605	8.65888902494238	5.48213630540156	5.95897441792216	5.97526254236951	6.44284913843046	5.75241789383671	1.45881358170284	6.60135912728743	6.51421201889188	6.03132588323143	5.68691954457864	6.50450668275528	7.3791896591319	7.27990102093917	5.69925427418161	6.15741426402147	5.4965648256224	9.41390456988322	6.44615174878	3.11166825892609	5.85118691672761	5.43395848201729	3.08291817088339	5.45484830878089	6.55457407103574	5.46536989168647	7.95506188221081	5.68862069970965	5.89299217196681	6.55858902819365	5.58521721290183
Corndog(O)	4.17776926919025	4.2275576627209	5.2862763020752	4.73094479282407	4.35393569037737	6.63112432497948	4.92007308905765	4.22551558376631	4.52246402656641	3.96689031402101	4.0969990651387	3.93515857498452	3.9426716856432	4.76906135383468	4.11753714441452	4.32058865121207	3.17135488116937	3.95001090791127	4.20883209227748	4.60169876335706	0	3.97924354073644	4.68821117036011	4.06506647362864	7.71937317628591	4.2510564249383	6.64163740418271	4.53648515040831	4.72265713864527	6.24673216432724	4.06572879796257	3.97005563403361	4.25388094259103	4.65336853569539	5.03484531911029	4.31635513417295	4.62144333861823	4.79278270488808	4.30595391888642	4.22225528828107	4.79552552879605	5.49657712520671	5.31998817887936	4.25892198857583	4.48870077424979	4.12135463562947	7.13227928062553	4.11734155183889	4.18077686071468	4.11058198089768	3.94729031859755	4.15939913072642	3.95357089512378	4.78746896980099	3.97209167343809	6.46418760002889	4.26230112137957	4.09675108779257	4.78499718587103	4.60476551919503
D29(A2)	4.72938565658622	4.75967872061169	6.45222808322451	3.04370256351487	6.01517344732413	7.52100939888905	6.36219355594856	4.76092288141598	3.07004546402992	4.39127629707385	1.79542774324304	4.38020218165892	4.41908510801052	6.20400370851587	1.71557011951289	5.92413825669753	4.89194981321676	5.48309417886946	4.71164977642288	5.86507821263746	3.97924354073644	0	3.16200719486293	5.7682050564624	9.30831988844907	4.84296750852148	7.50306151885281	3.06872345399945	3.07721266566376	7.32113720458051	4.65400742049076	1.54703047480774	5.88044845563719	3.13503088162268	5.13366792881127	5.9230058945897	5.54439868044424	6.23032668369994	6.03720004737355	4.76641023439375	6.2497864579205	4.55090959516065	4.41776906561758	4.80324964159266	6.14451492149972	4.6722360875432	8.23234534575212	1.87872351074881	5.7271952262882	5.82393211737994	4.41470646073918	5.73828505350025	4.43013997838578	3.1463883803825	4.41351148645716	8.35711621486683	4.78730207046838	5.76791242218878	3.14296610698029	5.23292258086592
DD5(A1)	5.17546889872467	5.4189459787585	6.6462158818806	0.847269937378842	5.94425046275811	7.16475593138711	6.089557364246	5.41987060709874	1.04607463936582	4.69671120480986	3.41827900353483	4.72093814480164	4.70640454518449	6.30864316136304	3.53376679154791	5.91833406905496	5.02074168173655	5.67768097645298	5.1763644267225	6.43726698097823	4.68821117036011	3.16200719486293	0	5.64670593928262	9.16927562223129	5.50806833570702	7.13298519514043	0.945027259538456	0.982301805899065	7.05086139346923	5.09802845594053	3.35582448265066	5.7964123442931	0.365126405626465	5.55647233653027	6.36276094374336	5.421140300033	6.33130608164851	6.05282834222194	5.4237206733188	6.34508564050068	4.64332135078328	4.50451701131773	5.45476016218367	6.08379613140892	5.12452763901196	7.992518880371	3.53123581603549	6.30175003267336	5.79913826671387	4.6984378618555	6.33064708176277	4.73276492707002	0.921027984560077	4.71300631019311	7.78999409418305	5.4795378176817	5.69651257178331	0.940889042528741	5.65653829535977
Fruitloop(F1)	5.21118321858619	5.17892361284612	4.42722347598283	5.80255307371593	1.29654872243756	6.67968348232407	5.42939008778808	5.17311787915239	5.57710348187887	5.6866107221128	5.93127051111142	5.69907976610335	5.66972320691787	5.80743600738445	5.9616774812837	1.48893816988458	3.78300557569988	1.8960974889148	5.27826973095301	5.89976711340817	4.06506647362864	5.7682050564624	5.64670593928262	0	6.12068968345008	5.19090669084176	6.71436685320328	5.61738886115181	5.8581896180329	5.53957871793825	5.04584070606183	5.80943014372625	1.23034840498979	5.64703129744128	6.97993424148009	5.38535026967448	4.30548098554628	5.84834828964203	1.38284681908187	5.16504278378963	5.83006458617459	6.48954996290866	6.23197499953743	5.18839037769068	1.35154726526638	5.20738444724651	6.19484909081573	6.13584169074898	5.0184721054845	1.34851278655717	5.66620723912846	5.03872985738279	5.67819629665622	5.91383418173984	5.68380981377987	6.60149635446257	5.2327670779856	1.03453365836951	5.91829307779991	4.08912220866179
Giles(Q)	9.09973379659128	9.31248780228721	7.24375570287943	9.38238586012762	6.03542258272511	7.69360154084518	7.50038248799657	9.31195652622523	9.05922630442662	9.65257158929787	9.43100384550147	9.64399286101547	9.61946751832189	8.42978034755449	9.39660148793032	6.12622606957261	7.12543450449097	6.34077804122185	9.14584955603726	9.33860382841982	7.71937317628591	9.30831988844907	9.16927562223129	6.12068968345008	0	9.31143930422561	7.71642348130458	9.11412933628129	9.44682323614278	7.76559374464115	8.95501629655716	9.35935463286441	6.11212859915565	9.13581607518321	10.5128264627711	8.97122207577562	7.88374514708926	8.45084553254835	5.82329250346687	9.3015875427548	8.42664708228375	8.58551069120008	8.39117937558678	9.30029027852518	5.97864694335497	9.10928783534627	8.02992370581073	9.51693947522959	8.39116301473747	6.00673260273449	9.64163268238149	8.36487632202153	9.6422372355572	9.41716459861787	9.65227209601715	8.80950191138829	9.3283033199333	6.28049298950376	9.32429503302191	8.50727335833801
Gumball(D1)	3.65019174997447	0.425781823819405	5.09484665527181	5.49577758875518	5.41725178703842	7.17142126958048	6.16619707277343	0.46168839909028	5.36969589737702	3.94360060526731	4.92691035410157	3.90327388989158	3.93744487403065	6.01007566304968	4.76925497151391	5.44251448679072	4.20360403638872	4.9885779435937	3.69471500950887	5.69444954924734	4.2510564249383	4.84296750852148	5.50806833570702	5.19090669084176	9.31143930422561	0	7.1868266083654	5.31256244887957	5.46637374657822	6.16928580676487	3.52480921913443	4.84902690402431	5.37149675762653	5.45981955512592	5.1790783228052	5.37633894476745	4.49575116510038	6.04183324879877	5.49646033401202	0.42301008009181	6.06148756579447	6.6240613919576	6.46498376777714	0.461420127064008	5.63411550739503	3.58940485238966	7.10905422796738	4.89850387402748	5.61999011719432	5.32964556174389	3.94244019852278	5.61941655897179	3.94985421478163	5.54179461742336	3.95149549348936	6.98937816058159	0.45870513052102	5.16291049229338	5.56771896156842	4.04816084363945
Halo(G)	7.87592473995231	7.16840695611444	6.05632453361172	7.15460417688926	6.88466979421503	0.556251310094414	5.4126737759611	7.17784985592066	6.9440687700259	7.52235585140542	7.84474100593431	7.48762771692894	7.49677319749584	7.82897414039981	7.73313562889246	6.96775662486909	5.32951140757181	6.96357273873249	7.90241508428695	9.15617611808553	6.64163740418271	7.50306151885281	7.13298519514043	6.71436685320328	7.71642348130458	7.1868266083654	0	6.98312556004068	7.25347037152116	5.4015039542481	7.75365618243461	7.74964995399909	6.88292811542151	7.08405302654177	8.48273202267462	8.73000757862775	7.029453110498	7.84946114043563	6.99978617248894	7.15609672158315	7.85453793908009	7.0019427502779	6.78455057111192	7.2131022432276	7.04660173748383	7.8330349326492	5.75578525415124	7.55456513302301	8.71271330935203	6.85753544212424	7.5146150454178	8.73448048158845	7.50344206068149	7.12609900591028	7.5063569549407	6.98049950863514	7.19699797363801	6.9028383377842	7.15954671705004	8.00296903977683
Jasper(A1)	5.08316466892911	5.22055764690648	6.55640459729704	1.07078860428446	5.90328952264467	7.01488706928962	5.8830784465982	5.21774218991857	1.20107298886147	4.53820737365848	3.36641573986247	4.55020118446803	4.54664128902002	6.1053364707426	3.40876147889515	5.8655173272327	4.82355419909714	5.61421973135264	5.08290705318019	6.25869294966522	4.53648515040831	3.06872345399945	0.945027259538456	5.61738886115181	9.11412933628129	5.31256244887957	6.98312556004068	0	1.27869084154791	7.03736050456814	5.01111464229813	3.2747778995477	5.75568940975858	0.92127575409561	5.34775432726688	6.21440951823305	5.45918572188424	6.12741547466279	5.99875254682181	5.22563566719799	6.13980270370504	4.47330243980058	4.36265907713584	5.25228348961639	6.05543126526117	5.02094351149214	7.98527304423074	3.4143073279149	6.14752472195711	5.74018460134403	4.54263588002968	6.17145231692242	4.57217850891915	1.07339153127235	4.55589933697544	7.61573963300602	5.27416450390573	5.6840088554639	1.10417344386552	5.66269672997078
KBG(A1)	5.23206316188582	5.38069985972998	6.79901682040628	1.01521150837706	6.17278723632224	7.29096691439073	6.18426818843428	5.38372319297769	1.09497895911154	4.58926561888769	3.35499752123579	4.6098388247367	4.59878870691796	6.32851586532561	3.48940092341479	6.1640076365155	5.08929476829822	5.85910161135255	5.23079091577181	6.4998727508605	4.72265713864527	3.07721266566376	0.982301805899065	5.8581896180329	9.44682323614278	5.46637374657822	7.25347037152116	1.27869084154791	0	7.16785087376748	5.16502770643081	3.27459495913327	6.02077012237218	1.0014912432912	5.43184537780438	6.43213157823624	5.47469278592583	6.34863569947733	6.24984002692656	5.38577673242205	6.3668323120406	4.56385663135961	4.43238497608274	5.42806468234498	6.30047150100532	5.16971546075605	8.11067895450984	3.44555188535137	6.43132927648785	6.01419548103838	4.58841044445951	6.45261451075386	4.62124275993656	0.924894326084921	4.60615038079065	7.92822484415117	5.44343115637572	5.89448851242957	0.982074632409612	5.76922277073459
Konstantine(H1)	6.78188183689738	6.13543780191851	3.33740444022709	7.09449508706458	5.5081334873655	5.39131820359427	6.10174938241731	6.12615489954094	6.88774221210477	7.40832893784415	7.57931485605566	7.36366173662637	7.35903252797747	7.48487965026649	7.40739164973868	5.52343831139988	5.46434993060112	5.58212963059975	6.81073710555506	8.65888902494238	6.24673216432724	7.32113720458051	7.05086139346923	5.53957871793825	7.76559374464115	6.16928580676487	5.4015039542481	7.03736050456814	7.16785087376748	0	6.58769654404301	7.3717916070642	5.52541969430617	7.05947272837744	8.76216635849352	8.07973528105055	4.85095350380908	7.51540909281938	5.63545300933933	6.1160903239676	7.50322665205171	7.7410283487113	7.54387167917921	6.14214988332796	5.65827008933202	6.69179513247064	2.07226253984941	7.3724207086532	8.00326762844929	5.53491549637479	7.37058356158891	8.03465868969767	7.36349253722587	7.23090760101123	7.37884892967841	7.05928206842822	6.17905036763484	5.45788022101582	7.13298907235484	6.21753902228218
Kostya(E)	0.687352855152218	3.56899471836987	5.41343662928944	5.15071265153432	5.19234554976322	7.76156519649999	6.57466124584433	3.54054579980695	5.03390374686702	3.95097611206877	4.52751203990211	3.94415059413737	3.95567181615212	6.35589038611788	4.61010216326707	5.10656650557961	4.55383591836048	4.7437267266058	0.686219360734877	5.48213630540156	4.06572879796257	4.65400742049076	5.09802845594053	5.04584070606183	8.95501629655716	3.52480921913443	7.75365618243461	5.01111464229813	5.16502770643081	6.58769654404301	0	4.55446347612849	5.08223896627232	5.11654142428301	5.04315760005486	5.16620189526084	3.84692321630556	6.38913314601983	5.23503430281609	3.56312452249287	6.40022208333217	6.44027007183728	6.2896885934303	3.51412525353769	5.37271105341348	0.652621053963238	7.66244879511464	4.70152089028508	5.24344408822382	5.0971331758548	3.98019880577676	5.22659125997398	3.97935117988404	5.23074450771635	3.96170663397147	7.53024263410882	3.54041111501821	4.98992243253248	5.29836217737024	3.69123637605424
L5(A2)	4.59888960891831	4.77730590099112	6.52105919882707	3.18022561735836	6.05525139260695	7.76115767226353	6.55657932787217	4.77793155777464	3.27309837875657	4.52148474261711	1.77940530585432	4.50632452209886	4.55500125158632	6.01414338970346	1.40090984831737	5.95202693389199	5.03409927502607	5.53078732255091	4.57288430258726	5.95897441792216	3.97005563403361	1.54703047480774	3.35582448265066	5.80943014372625	9.35935463286441	4.84902690402431	7.74964995399909	3.2747778995477	3.27459495913327	7.3717916070642	4.55446347612849	0	5.92241671206805	3.33304723546401	5.39561727885188	5.96380326083841	5.3254148359365	6.04621623818951	6.04518549991707	4.78293992358933	6.06285005242663	4.8881829373836	4.75414617776233	4.81273927451511	6.16929568756829	4.53298046729426	8.25743944442278	1.70974539974042	5.79956902138844	5.8564959387407	4.54849210403718	5.80483540521205	4.56424267917554	3.36916925631557	4.53976385386232	8.45134094206072	4.80260755002724	5.80054074512964	3.32208312388768	5.10821777245782
Llij(F1)	5.2457290959495	5.35018763147132	4.30951466502194	5.94944084635983	1.05389829179852	6.84727633822249	5.51498936976937	5.33951948825535	5.73777380007623	5.88713419173846	5.97556762932364	5.89239948590705	5.86718321719409	6.13744103609582	6.04875459018685	1.13420341660871	3.93622819588997	1.83342279121906	5.31828389949027	5.97526254236951	4.25388094259103	5.88044845563719	5.7964123442931	1.23034840498979	6.11212859915565	5.37149675762653	6.88292811542151	5.75568940975858	6.02077012237218	5.52541969430617	5.08223896627232	5.92241671206805	0	5.80702539433092	7.0787556204434	5.49302586789003	4.38898614729423	6.17965599606326	1.12179493607476	5.33903213239673	6.16500648720652	6.72964258965923	6.48020702701842	5.35615676398596	0.869455703483667	5.24845150463028	6.17135144663039	6.24469943322163	5.11863128764842	1.03186061849419	5.87001073266592	5.13682703996473	5.87000364486421	6.06449233602649	5.87981922263831	6.77747986408036	5.40295338485187	1.22953626989962	6.07682433899443	4.09996351146772
Lockley(A1)	5.19507553387555	5.37009387163106	6.66139993133377	0.885642370374169	5.95049952884101	7.11487986938477	6.02348622330807	5.37313375859406	1.03198044652749	4.68045326222743	3.39967575828677	4.70607668946053	4.69428036860054	6.21683806819116	3.50556804338319	5.93473372926378	4.96493405311759	5.6774059884918	5.19667429954915	6.44284913843046	4.65336853569539	3.13503088162268	0.365126405626465	5.64703129744128	9.13581607518321	5.45981955512592	7.08405302654177	0.92127575409561	1.0014912432912	7.05947272837744	5.11654142428301	3.33304723546401	5.80702539433092	0	5.55159506981835	6.36778026829001	5.42238003172082	6.2390136830851	6.05635255351543	5.37596596229284	6.25305916750456	4.58370224499677	4.44972212249384	5.40951012753335	6.0929386945072	5.14313821300275	7.99672829655607	3.48277753811805	6.30849121825813	5.80279503601164	4.6845568887609	6.33640271427657	4.7220881482348	0.931925488194778	4.70022097758314	7.72386632213713	5.43295073824114	5.70321054086542	0.911319643271404	5.67789406507794
Myrna(C2)	4.93519346053223	5.14285484030198	7.61376890734942	5.52613926341265	7.27503546635087	8.4853371111089	6.3485393485274	5.14267080032647	5.38008419663377	2.56916991364907	5.15342978290317	2.5534173172838	2.57690419529536	7.0630137026714	5.42687625302191	7.28629291528769	5.12087778395848	6.99566675096197	4.95797547126505	5.75241789383671	5.03484531911029	5.13366792881127	5.55647233653027	6.97993424148009	10.5128264627711	5.1790783228052	8.48273202267462	5.34775432726688	5.43184537780438	8.76216635849352	5.04315760005486	5.39561727885188	7.0787556204434	5.55159506981835	0	6.008980034919	7.11985946470143	7.07399918092886	7.32025133737256	5.15454894565209	7.10735259810526	6.20531837832009	6.11963680212433	5.163218535746	7.38261748972105	4.95941434005605	9.76802381797418	5.41030492377735	5.79554963599932	7.11706470304395	2.62078391630416	5.80219754203393	2.59760100836106	5.37235610040797	2.59580268699673	8.03153119522532	5.1559913854491	7.05964410235874	5.53318907869042	6.72502145508197
Nigel(B4)	5.26133851109155	5.37501443478135	6.51368697422001	6.47047510722162	5.56254432312592	8.71324791301133	7.0840860476242	5.36473269010126	6.33885381512102	5.4456854997866	6.0531224176225	5.42478179475692	5.40993299422173	6.3234590634719	6.13017934054662	5.60228194390137	5.33384284624017	5.35757526101391	5.29425967260873	1.45881358170284	4.31635513417295	5.9230058945897	6.36276094374336	5.38535026967448	8.97122207577562	5.37633894476745	8.73000757862775	6.21440951823305	6.43213157823624	8.07973528105055	5.16620189526084	5.96380326083841	5.49302586789003	6.36778026829001	6.008980034919	0	6.04599815184929	6.35185135897597	5.53907455841826	5.37116138321152	6.33682505338115	7.45347442388371	7.32119203315458	5.3881035395905	5.69018658548433	5.21249845958405	8.7940452965184	6.44837920421564	3.21494939585156	5.3908956148384	5.41300074287342	3.2120925172141	5.43739223401974	6.51548525521293	5.44105837255954	7.52174149100953	5.37685412549297	5.35639528076543	6.49438094449985	5.01574681282071
Omega(J)	4.04239112798781	4.51344561163488	4.57487847422408	5.47397666130975	4.44796913017269	7.03708201407334	6.20441370778297	4.51002334757458	5.28029955494697	5.54542577749717	5.60463070887711	5.52855417985753	5.52617247204938	6.06998393129992	5.45868010351064	4.46747097994982	4.48587295141534	4.21028922726425	4.11887333045032	6.60135912728743	4.62144333861823	5.54439868044424	5.421140300033	4.30548098554628	7.88374514708926	4.49575116510038	7.029453110498	5.45918572188424	5.47469278592583	4.85095350380908	3.84692321630556	5.3254148359365	4.38898614729423	5.42238003172082	7.11985946470143	6.04599815184929	0	6.09776358536455	4.48862863671735	4.50402715638241	6.08201244587445	6.78812053788458	6.60108340582147	4.50163552357799	4.59314821310358	3.95384816449131	5.78265595291732	5.58694229982078	6.11213311007938	4.39904981228623	5.52898196952597	6.10071244117191	5.51859810953697	5.68525444451471	5.53022323007947	6.89241708463954	4.5446156157309	4.18406238999413	5.60998266127946	3.83781193950275
Orion(B1)	6.42725615090297	6.04417044009098	6.86335618993965	6.39072335877634	6.20209151482288	7.84406914869141	5.03287835440575	6.0457821165224	6.15658314973742	5.88278384246115	6.35919769037112	5.84424917581141	5.8571518833808	0.163281764916673	6.03897476254156	6.29649528425588	4.55429840561719	6.02938510789601	6.47010624460612	6.51421201889188	4.79278270488808	6.23032668369994	6.33130608164851	5.84834828964203	8.45084553254835	6.04183324879877	7.84946114043563	6.12741547466279	6.34863569947733	7.51540909281938	6.38913314601983	6.04621623818951	6.17965599606326	6.2390136830851	7.07399918092886	6.35185135897597	6.09776358536455	0	6.09637841601185	6.0368189824153	0.172292016581106	6.01141513691207	5.97133271859698	6.04176631329457	6.33746449483754	6.34424434738985	8.12377600545882	6.00715931816604	5.88010675129619	6.00651664025577	5.82670050714925	5.79861880731389	5.85857174011582	6.32409230656067	5.87326103003612	6.00802810615835	6.08207407804629	5.99384417648203	6.33094622797044	6.84296093360151
