244(E)	Adjutor(D1)	Barnyard(H2)	Bethlehem(A1)	Boomer(F1)	BPs(G)	Brujita(I1)	Butterscotch(D1)	Bxb1(A1)	Bxz1(C1)	Bxz2(A3)	Cali(C1)	Catera(C1)	Chah(B1)	Che12(A2)	Che8(F1)	Che9c(I2)	Che9d(F2)	Cjw1(E)	Cooper(B4)	Corndog(O)	D29(A2)	DD5(A1)	Fruitloop(F1)	Giles(Q)	Gumball(D1)	Halo(G)	Jasper(A1)	KBG(A1)	Konstantine(H1)	Kostya(E)	L5(A2)	Llij(F1)	Lockley(A1)	Myrna(C2)	Nigel(B4)	Omega(J)	Orion(B1)	Pacc40(F1)	PBI1(D1)	PG1(B1)	Phaedrus(B3)	Pipefish(B3)	PLot(D1)	PMC(F1)	Porky(E)	Predator(H1)	Pukovnik(A2)	Qyrzula(B2)	Ramsey(F1)	Rizal(C1)	Rosebush(B2)	ScottMcG(C1)	Solon(A1)	Spud(C1)	TM4(K2)	Troll4(D1)	Tweety(F1)	U2(A1)	Wildcat(Singleton)
244(E)	0	0.243787314212628	0.465985270929994	0.421982994247307	0.476561413026084	0.729104079415378	0.472203747519315	0.241423459847759	0.405166759646591	0.235363816790524	0.294526221886952	0.235701749879007	0.231319432013352	0.456590232895383	0.301925371844341	0.464544484650507	0.367130256967646	0.418488120880032	0.014399987213787	0.544748945533061	0.293825475506997	0.300730754965464	0.413257158099228	0.465117685667543	1.04557206748145	0.245765583122777	0.73374338357082	0.388872991124944	0.412403650460102	0.660205180180876	0.0313210417854438	0.299416504441822	0.480130433165283	0.411042956032164	0.316979053403662	0.535694217653219	0.408751937971728	0.461935777592142	0.49142468030798	0.242813746486188	0.463542425741217	0.628709185820907	0.605588854695102	0.234189628517329	0.499949036048629	0.0238488762929086	0.760343328791065	0.324180364707906	0.491985242184603	0.461975983145812	0.236974753572851	0.488608985277243	0.229380077786535	0.431075950240035	0.234824329118769	0.508680224072722	0.241530002128999	0.446972228175303	0.430199556637305	0.311066542931561
Adjutor(D1)	0.243787314212628	0	0.501539227845444	0.55265074972873	0.549947193404003	0.74167147469652	0.492806128219882	0.00645054253449298	0.540252676492564	0.278403714747937	0.375750638968491	0.274729199396551	0.278204518241418	0.474635427927409	0.356968254283354	0.539460730882003	0.383751484344226	0.484118254876303	0.240930252869077	0.562531340507677	0.292180710991392	0.381503738632397	0.557316309856751	0.529163623572285	1.11907603754447	0.0152836101166684	0.751653797082371	0.532366958897909	0.543030454017533	0.674664570186222	0.231012083309848	0.371923903829883	0.558609913760464	0.552091361973253	0.36915503876838	0.537631535294916	0.460993064013076	0.479268912858758	0.560065506824992	0.00291987300524276	0.481733989355226	0.696973474042606	0.676740635058946	0.0158563029654161	0.576903098928919	0.233500571328806	0.770146151959136	0.365249344497392	0.538011331184532	0.534647034395823	0.279600288780171	0.533411049946175	0.274441517429987	0.562029410905707	0.278092843387955	0.511101904287984	0.0186140070784781	0.507648551770654	0.558489914354903	0.364568554193726
Barnyard(H2)	0.465985270929994	0.501539227845444	0	0.657569576850113	0.314775064862768	0.524824787590904	0.380341957658397	0.500333690927007	0.633566569912332	0.599467176417268	0.598690538526067	0.597197139752585	0.591027857798018	0.526365680966156	0.575144963646519	0.294499996141562	0.355689737622327	0.304782503337901	0.472262691593712	0.680307857186873	0.381977128665821	0.574262276886668	0.645623083001837	0.327642203190849	0.732470313658783	0.503966417969471	0.536590378612504	0.632119742141617	0.665956547258906	0.335373181881032	0.445363278934543	0.594133354596565	0.310199850153913	0.649453507715793	0.685673786756387	0.628165190006365	0.392046623637475	0.533488572758828	0.307681591466446	0.499913267193582	0.530959273806987	0.720927368599105	0.683286650286845	0.499148128555979	0.325292988996419	0.465230106919974	0.387104594725083	0.578915809817721	0.541108290949916	0.295078474703096	0.598480935976361	0.54471123123579	0.5935146417834	0.673989883788743	0.595562087449529	0.350418878000763	0.50375427952577	0.307984893339376	0.66025936519322	0.450183970089332
Bethlehem(A1)	0.421982994247307	0.55265074972873	0.657569576850113	0	0.682717029227404	0.696805626212118	0.533052318662159	0.552537627535734	0.0560390648141232	0.404019504837454	0.28776709766016	0.407078532260465	0.403565051986251	0.566297951164418	0.29584926569796	0.669829820293637	0.541253806295164	0.65815272953626	0.415560618990764	0.846226750544055	0.534985850952316	0.282016717776391	0.0443275241350512	0.646477362882061	1.10161812695221	0.559008831298663	0.699585786390049	0.0569856224121828	0.0434193852109629	0.72436612561151	0.424043945967904	0.281324682306458	0.677211596331692	0.044272935325945	0.437934164060431	0.839791355546084	0.580163452931839	0.569811944322673	0.700622823176628	0.551642826063453	0.570624229998735	0.481240208122456	0.469169014843398	0.550921710046244	0.700563042562196	0.421252937246348	0.822179127459651	0.298201459170145	0.746070296286376	0.672506697467727	0.408215389448178	0.747052685048095	0.407443695290022	0.032841255479895	0.404597596973198	0.642428988079536	0.557032605026853	0.647633728640308	0.0485335822288885	0.605699693176372
Boomer(F1)	0.476561413026084	0.549947193404003	0.314775064862768	0.682717029227404	0	0.636822304285439	0.427830665321456	0.550161917558451	0.648457786507209	0.556545806810073	0.625347249364291	0.556747525176497	0.546777306478735	0.484730456053666	0.614785439749704	0.0570839303415857	0.323571492917248	0.12426801855449	0.481865982927484	0.558453473969011	0.397490339882209	0.603870379088433	0.658526147582155	0.083525428745363	0.659892199943529	0.547447799453683	0.644363450929658	0.647954973826872	0.685170903795053	0.571629608577259	0.458449779752016	0.636040124219742	0.0448080897634661	0.660586364858487	0.640866588812986	0.516978311391395	0.459150301926459	0.490957323136301	0.0469128640038456	0.548049556187996	0.487051958940559	0.709703327533378	0.670529554105713	0.545679688524999	0.0388841651538464	0.475620930731153	0.62587418762779	0.646431551858328	0.410206860068822	0.0418983462307118	0.552704177927796	0.415998302457031	0.549422656083623	0.691135366048923	0.551670807230184	0.409027960214485	0.553073276846046	0.0905036862538098	0.68012816549746	0.350779136022481
BPs(G)	0.729104079415378	0.74167147469652	0.524824787590904	0.696805626212118	0.636822304285439	0	0.323992670688044	0.741965729094349	0.668310584370627	0.78007829851273	0.755572990988912	0.779725407526948	0.775335628090992	0.570100070583226	0.721056256187711	0.64311478920302	0.479748338509438	0.65939370297185	0.728007057733866	1.01995627686303	0.62682176187395	0.72852159162364	0.691378518032778	0.617676353379684	0.728308408874484	0.742298947122565	0.0293756962317362	0.680719754522886	0.702882135361878	0.362779482805412	0.709572498101247	0.757270503260043	0.649836123441227	0.689990423628548	0.877238296199239	0.973140720233018	0.590917479713293	0.572357735716319	0.651395345927689	0.740706712107471	0.570664475465098	0.55356945672322	0.524708337915319	0.741775085910148	0.659043917160223	0.718322713237164	0.410230007977133	0.697711581571515	0.880898767904589	0.627057973406401	0.778758380029413	0.882524467802566	0.776354536560171	0.700471701241682	0.776790914623987	0.494653570176781	0.745462219370563	0.6373620986416	0.678114849739481	0.822165588937695
Brujita(I1)	0.472203747519315	0.492806128219882	0.380341957658397	0.533052318662159	0.427830665321456	0.323992670688044	0	0.493117611867215	0.49924639350896	0.511721431545286	0.532514511851541	0.511355106299621	0.507085347674633	0.303346624282398	0.507559768425616	0.430276794455461	0.178904336418992	0.438559493926585	0.471576522132305	0.721530701517578	0.343999547523895	0.508341796646723	0.521928301316468	0.401878462162794	0.752384630427848	0.4928216547829	0.330787618676065	0.502245810773775	0.534565526449563	0.434678633242254	0.451010838575102	0.534330501746807	0.442773454695959	0.519501224510619	0.591304800012086	0.682566408274252	0.456080302401811	0.308384991418152	0.444787177530984	0.491447505491431	0.306765408147645	0.470508137802281	0.439331526231459	0.491022787080868	0.457032736994191	0.460981932042707	0.51663393205149	0.493677939640024	0.591472596632172	0.40801975370261	0.510866782596241	0.591324964293437	0.508961796060715	0.534939425209088	0.508447358706312	0.277986970433144	0.495101131222701	0.414090337258933	0.513786625457122	0.563485227862299
Butterscotch(D1)	0.241423459847759	0.00645054253449298	0.500333690927007	0.552537627535734	0.550161917558451	0.741965729094349	0.493117611867215	0	0.540399942715222	0.279279304204307	0.375609013215735	0.275641176196562	0.279036071649654	0.475388894192811	0.357062436079871	0.539514013862393	0.384497761782069	0.484216413834172	0.238632066931448	0.561965341918874	0.292205176403579	0.381427513662199	0.557140869612148	0.529996316397306	1.11974494611131	0.0172144980726629	0.751847892633361	0.532030498344505	0.5430705350277	0.674401005930529	0.228987084987272	0.371858322588791	0.558881091945098	0.552019220067914	0.369041307672981	0.537500961563999	0.462272526924258	0.48005533324048	0.560303664248658	0.00773363037259709	0.482569483659713	0.697391800136921	0.677129802626813	0.0145094949179006	0.577123051291806	0.231267949269115	0.769845761060541	0.365338915618395	0.53743280519939	0.534729413500678	0.280529994777642	0.532769891262465	0.275291763483828	0.561901425894939	0.278992756411914	0.511198650497432	0.0165920696318473	0.508472689605096	0.558558604154328	0.365681971064848
Bxb1(A1)	0.405166759646591	0.540252676492564	0.633566569912332	0.0560390648141232	0.648457786507209	0.668310584370627	0.49924639350896	0.540399942715222	0	0.392831111102388	0.29318163842223	0.395902390444062	0.391948368106963	0.531145493878213	0.300543782570902	0.637977065655711	0.504957500197815	0.626542626806322	0.399316603936585	0.827234919617334	0.510602122291683	0.284790817034097	0.043347146107232	0.611543262009393	1.05862763257039	0.545707120566424	0.670502749189733	0.0491305641409793	0.0529452284967135	0.698593699486694	0.405340437416531	0.287204752238743	0.643961898685758	0.0329656227892667	0.436011318228731	0.818461416445204	0.543024062903268	0.534485891947904	0.667050681402897	0.539114698331071	0.534840589452446	0.459102606149082	0.445390558180406	0.537821236786979	0.667043882125965	0.403376154366445	0.797865620535901	0.30091526131551	0.72595860066143	0.638166872246524	0.396256775143312	0.726908189642626	0.395574031016593	0.0635589899609378	0.393014191221019	0.615110385701444	0.544303635759241	0.613807616142237	0.0417894508471875	0.58089297889481
Bxz1(C1)	0.235363816790524	0.278403714747937	0.599467176417268	0.404019504837454	0.556545806810073	0.78007829851273	0.511721431545286	0.279279304204307	0.392831111102388	0	0.231696861232859	0.00983595365053614	0.0140799325608307	0.421324942314357	0.24514913000652	0.547999881244908	0.403607663504513	0.495291585925298	0.224239472263748	0.560731123318002	0.309711612921103	0.23867584641836	0.403908645537709	0.519283201836729	1.11897527402922	0.280857421241284	0.787248462043477	0.378321729305122	0.387446166262403	0.775653208055202	0.240345208873498	0.249861029616917	0.56103569955469	0.397709862667446	0.163164827990752	0.563022882954382	0.550777577648542	0.424761482699004	0.569387306005166	0.277243581623669	0.427782052213166	0.554178388552751	0.539881003883526	0.277857359885062	0.579601810903902	0.229222246029175	0.876835324373857	0.28034562912416	0.507849835341137	0.544682492580252	0.0116651653328144	0.50306353298675	0.0128079989460708	0.403589089377871	0.00599809977404516	0.588071380015489	0.282235013181541	0.512374876070415	0.406320621489293	0.385947231156487
Bxz2(A3)	0.294526221886952	0.375750638968491	0.598690538526067	0.28776709766016	0.625347249364291	0.755572990988912	0.532514511851541	0.375609013215735	0.29318163842223	0.231696861232859	0	0.229456198183739	0.235181378235159	0.523702532335766	0.0587442846401118	0.602072174362895	0.480161076358804	0.556568020854888	0.284043953656059	0.727950864133345	0.392938019018255	0.0457302450135326	0.303007557315424	0.594300976059923	1.14283152055795	0.383109183255771	0.7618062314565	0.276025064467163	0.282800558677425	0.726716386713736	0.299278222071929	0.0630702348682347	0.621611158032229	0.299709176582289	0.292044239152146	0.725661697835209	0.564686252377894	0.527553920714985	0.635408076395561	0.374757155312992	0.53007025379151	0.522981414919005	0.506650214622026	0.375237097850251	0.644119007871918	0.299697590605778	0.82794117463769	0.111666654419433	0.640283980650886	0.61046472614518	0.239272006797896	0.637464090701786	0.235443883036146	0.296280014965156	0.232020901367656	0.637136490943768	0.377635990211814	0.585229154894679	0.300670808144478	0.481717768213645
Cali(C1)	0.235701749879007	0.274729199396551	0.597197139752585	0.407078532260465	0.556747525176497	0.779725407526948	0.511355106299621	0.275641176196562	0.395902390444062	0.00983595365053614	0.229456198183739	0	0.0178465983599032	0.419845092252104	0.242519099218045	0.547814934813404	0.402870849202557	0.494029766366351	0.224613172260488	0.560947727942493	0.304837960165139	0.235879574141018	0.407424798931486	0.519296105029574	1.1184686999861	0.277369391628974	0.787038052958829	0.38153709164553	0.390458681183077	0.773022508204037	0.24046674659887	0.246856194762074	0.561067175462021	0.401243063891877	0.164908673419772	0.56267640299942	0.549907355397952	0.423266158174706	0.568941395170631	0.273526885549822	0.426301199576855	0.554175851383654	0.539929382685988	0.274355130485374	0.579729347749377	0.229678894959668	0.87416715666336	0.276419600963389	0.507595289421777	0.544444505426233	0.0155466996259176	0.502673059766893	0.016483522710449	0.407047024217793	0.0104487188956474	0.588308329805922	0.278457894135893	0.511986722032613	0.409239162713207	0.385011815883107
Catera(C1)	0.231319432013352	0.278204518241418	0.591027857798018	0.403565051986251	0.546777306478735	0.775335628090992	0.507085347674633	0.279036071649654	0.391948368106963	0.0140799325608307	0.235181378235159	0.0178465983599032	0	0.416412472131425	0.248051118783821	0.5385874289599	0.397876620714405	0.486159186115022	0.220401093440912	0.554292643491859	0.302977893251278	0.240332035923173	0.402673986177522	0.50899364746186	1.11019586745628	0.280757981678369	0.782682249758569	0.377545400746351	0.387287159210757	0.769599965950364	0.236113681188879	0.253064905209704	0.551051776652339	0.396804559233745	0.167523874845398	0.55587084285237	0.545390379929275	0.419981643535955	0.559403334696186	0.276969143213962	0.422898141167681	0.552590477800324	0.537773789265531	0.277763050787078	0.569620074234652	0.224907309288447	0.870280963716269	0.283754134699485	0.499007596659334	0.535142066962508	0.0114813247557243	0.494401952470776	0.0126802839960418	0.403448204311255	0.011251914864294	0.581739352222855	0.282471999970358	0.50222271107287	0.406107471880692	0.378069425575881
Chah(B1)	0.456590232895383	0.474635427927409	0.526365680966156	0.566297951164418	0.484730456053666	0.570100070583226	0.303346624282398	0.475388894192811	0.531145493878213	0.421324942314357	0.523702532335766	0.419845092252104	0.416412472131425	0	0.51934283618065	0.498961403639582	0.240300184288387	0.473397133082875	0.4546359905567	0.585886520240587	0.267689236814351	0.49982689636322	0.552125935896031	0.438437931503201	0.839729370749188	0.473401446895751	0.575559137063682	0.526366814344694	0.550584833806252	0.644418192395797	0.445919832793663	0.520990983473195	0.500575648843545	0.546664856439774	0.469975490573001	0.562205041684674	0.553849351190087	0.00910604513765924	0.491413571637036	0.472706065714866	0.0110930098541254	0.450680665871576	0.439026284935286	0.47301213093603	0.512791627230838	0.441592973674146	0.729773677730132	0.499661641507548	0.489044052365284	0.459892667697988	0.416757414264637	0.482808294255249	0.420083068684031	0.561450981534021	0.418582650662185	0.435010539423193	0.475144020537588	0.451236660645719	0.539526096758052	0.533361776620455
Che12(A2)	0.301925371844341	0.356968254283354	0.575144963646519	0.29584926569796	0.614785439749704	0.721056256187711	0.507559768425616	0.357062436079871	0.300543782570902	0.24514913000652	0.0587442846401118	0.242519099218045	0.248051118783821	0.51934283618065	0	0.591202189359532	0.462241357182919	0.54611441209531	0.291409906968321	0.742114919126943	0.384053078622972	0.0614973082994911	0.3138935060343	0.583064755886573	1.13022999648081	0.364546734470813	0.728245267300386	0.288037742886638	0.293855597081723	0.692983209097727	0.302243992424865	0.0821504797933789	0.612040427672756	0.310305899098854	0.322110326067083	0.734517468343805	0.546945990396247	0.52332980873346	0.625341174396534	0.356016589907194	0.525789152271133	0.515945748127873	0.497455008789889	0.357690391830826	0.634620413841606	0.305153077591112	0.793853652126601	0.0903109933422773	0.650136548180302	0.600438624194109	0.252166818784436	0.647775344828411	0.24794022030031	0.306156154742525	0.244877208329058	0.616270625479247	0.359987605603336	0.574437917493488	0.308743434737836	0.481157189188056
Che8(F1)	0.464544484650507	0.539460730882003	0.294499996141562	0.669829820293637	0.0570839303415857	0.64311478920302	0.430276794455461	0.539514013862393	0.637977065655711	0.547999881244908	0.602072174362895	0.547814934813404	0.5385874289599	0.498961403639582	0.591202189359532	0	0.32986207747675	0.109310084381352	0.469841552816044	0.562091526647623	0.388575292893574	0.58069658070469	0.647168108663744	0.110106228939312	0.682232424333931	0.537877926587778	0.651186249168468	0.636233161435302	0.674541197254688	0.564779457582714	0.44622176156409	0.612775934656168	0.0499814767093081	0.649950536891775	0.62930417756629	0.522112807811743	0.463030335574794	0.50558918258064	0.0629011767393979	0.537560533723725	0.501991260119655	0.712818939687059	0.672843180708164	0.535297527223374	0.0596740408063081	0.465803643215639	0.618714537229493	0.624608792900489	0.406854654045603	0.0582789095637555	0.54509649100075	0.412839738219704	0.541313120619122	0.679511962859045	0.54314733163571	0.408280518203935	0.542337479863302	0.100798768413532	0.669459847282932	0.340642372483151
Che9c(I2)	0.367130256967646	0.383751484344226	0.355689737622327	0.541253806295164	0.323571492917248	0.479748338509438	0.178904336418992	0.384497761782069	0.504957500197815	0.403607663504513	0.480161076358804	0.402870849202557	0.397876620714405	0.240300184288387	0.462241357182919	0.32986207747675	0	0.31551906774835	0.367540602525215	0.575052573186172	0.222389133696981	0.459979250716642	0.52671673680573	0.294982473174329	0.780228142720255	0.381222199216694	0.486867702905413	0.504313593884015	0.536340572062066	0.510782397038179	0.34492270152195	0.485243026049943	0.343021909585547	0.523198085554224	0.49139126257003	0.53737527715627	0.407752578155759	0.246564815022467	0.340563791626793	0.382043080633002	0.244736051325576	0.518189959844488	0.487441647774517	0.380411272565096	0.357106983671458	0.355473894875638	0.596985073932046	0.463673604022905	0.459350027386111	0.301963052112816	0.401090921509308	0.457681251461835	0.399124369830725	0.543970744437828	0.399746049870749	0.289123835972186	0.385323254233934	0.300760002496379	0.526024593334707	0.415827730836195
Che9d(F2)	0.418488120880032	0.484118254876303	0.304782503337901	0.65815272953626	0.12426801855449	0.65939370297185	0.438559493926585	0.484216413834172	0.626542626806322	0.495291585925298	0.556568020854888	0.494029766366351	0.486159186115022	0.473397133082875	0.54611441209531	0.109310084381352	0.31551906774835	0	0.422740039790092	0.553986846225907	0.339562800349092	0.535538787769548	0.638330192097873	0.145834166417654	0.733582990229026	0.481723100984489	0.667092699427746	0.623160922407951	0.658237669333985	0.567334662854852	0.402260357308246	0.569384454745444	0.132660505145516	0.639567583232921	0.589988070996152	0.517835677660082	0.445871158338985	0.479242563122896	0.119633045584769	0.482152720903855	0.476544971033286	0.681713489687622	0.643153150060532	0.479852476264008	0.137671994980263	0.419863499240302	0.631776734936796	0.578916827427597	0.412245170860871	0.116553951469861	0.49159883175131	0.414563682234179	0.487574636787628	0.667793206671326	0.490198135292734	0.4563215660387	0.485893719608152	0.13626370943294	0.657408625570774	0.301767050027009
Cjw1(E)	0.014399987213787	0.240930252869077	0.472262691593712	0.415560618990764	0.481865982927484	0.728007057733866	0.471576522132305	0.238632066931448	0.399316603936585	0.224239472263748	0.284043953656059	0.224613172260488	0.220401093440912	0.4546359905567	0.291409906968321	0.469841552816044	0.367540602525215	0.422740039790092	0	0.550201389461346	0.293304017596356	0.290734005696232	0.407623971821592	0.469182393577498	1.05094942015447	0.24300315660572	0.732660247038259	0.382692819046846	0.405631066638042	0.663320665514826	0.037594306083558	0.290441138837804	0.485735550222223	0.405152755163072	0.309109825040395	0.541954860185114	0.415052626652864	0.459875564411284	0.496927630489851	0.239985523184886	0.461651008169071	0.620221057419179	0.59740630787607	0.231706995109219	0.505482221260152	0.0251506631065797	0.764059083123307	0.314578928626417	0.496675563828165	0.467526193474651	0.225962107055574	0.49316270881778	0.218187512069809	0.424192107491585	0.223730615528519	0.513478689764639	0.238922804333633	0.452018024686947	0.423778440538446	0.317420684341249
Cooper(B4)	0.544748945533061	0.562531340507677	0.680307857186873	0.846226750544055	0.558453473969011	1.01995627686303	0.721530701517578	0.561965341918874	0.827234919617334	0.560731123318002	0.727950864133345	0.560947727942493	0.554292643491859	0.585886520240587	0.742114919126943	0.562091526647623	0.575052573186172	0.553986846225907	0.550201389461346	0	0.491254910485088	0.726062917477143	0.828240550864756	0.550366061603437	1.08832863225637	0.561098708322095	1.02944618292734	0.811499726328242	0.838821421309202	0.970669933673221	0.541856074152578	0.728736066169005	0.559768752316884	0.828500877641602	0.529697560016288	0.090308780045104	0.746829073435633	0.591185473850904	0.5554374376248	0.561345084644062	0.590750322030816	0.956405461948602	0.937689604451234	0.559291541501088	0.566122059688683	0.542157340221563	1.03406772978023	0.767118947184768	0.210760446065153	0.545771656934966	0.557890988561115	0.205071715702916	0.558587925642778	0.84834678376344	0.559671811380926	0.609592192624444	0.562896335197622	0.527711215087363	0.847356958750332	0.449127982148019
Corndog(O)	0.293825475506997	0.292180710991392	0.381977128665821	0.534985850952316	0.397490339882209	0.62682176187395	0.343999547523895	0.292205176403579	0.510602122291683	0.309711612921103	0.392938019018255	0.304837960165139	0.302977893251278	0.267689236814351	0.384053078622972	0.388575292893574	0.222389133696981	0.339562800349092	0.293304017596356	0.491254910485088	0	0.37210023814732	0.528042118720358	0.362748033512951	0.905491598642985	0.294868141790285	0.637204501887021	0.501014185738097	0.526437757703679	0.581364273707997	0.279539746339322	0.390492615598668	0.402983453921821	0.525749761870623	0.382410951257222	0.460682324906798	0.457072431040934	0.27408236450676	0.395440375890696	0.289824354678914	0.274952637871225	0.559351578462458	0.536386313710746	0.291544355710955	0.4215449723707	0.285231004945503	0.668369290706019	0.378999830196736	0.385009214791664	0.369740995080605	0.307321445717488	0.37926395199863	0.30597303056813	0.541379270699314	0.306149451483406	0.399450058322056	0.293156018759036	0.349865330166537	0.527663691442402	0.35390240677806
D29(A2)	0.300730754965464	0.381503738632397	0.574262276886668	0.282016717776391	0.603870379088433	0.72852159162364	0.508341796646723	0.381427513662199	0.284790817034097	0.23867584641836	0.0457302450135326	0.235879574141018	0.240332035923173	0.49982689636322	0.0614973082994911	0.58069658070469	0.459979250716642	0.535538787769548	0.290734005696232	0.726062917477143	0.37210023814732	0	0.295907023630873	0.570397160552581	1.11031205853071	0.389038203812137	0.735253392539866	0.268672014090081	0.277871662995446	0.699744740635927	0.303726590458843	0.0695287774199713	0.599608212052029	0.29331539307183	0.304360968191149	0.721180224391328	0.555152014793774	0.503737817162383	0.612444098248754	0.38025715745822	0.506048293533771	0.495209733380044	0.477860743234112	0.381496601633613	0.622217558036773	0.304865750118588	0.800012434242613	0.103622315766576	0.628364801048032	0.588226209551677	0.24501304649751	0.625739611213531	0.241931769404728	0.291255862697518	0.238153510081952	0.620160937619347	0.383929296466083	0.562838899395388	0.292338851092856	0.476521893175196
DD5(A1)	0.413257158099228	0.557316309856751	0.645623083001837	0.0443275241350512	0.658526147582155	0.691378518032778	0.521928301316468	0.557140869612148	0.043347146107232	0.403908645537709	0.303007557315424	0.407424798931486	0.402673986177522	0.552125935896031	0.3138935060343	0.647168108663744	0.52671673680573	0.638330192097873	0.407623971821592	0.828240550864756	0.528042118720358	0.295907023630873	0	0.623413214761561	1.07363801772024	0.563036759828347	0.69341432031318	0.0416949652634221	0.0586871566361572	0.720280608991651	0.415329308556494	0.298379089056557	0.653139615456845	0.0171061679928875	0.437269336781486	0.822370903603702	0.568107478933879	0.555720316486462	0.677228825897733	0.556217204464908	0.55620418069057	0.478220701390752	0.464733180818284	0.554778500931449	0.676011405534892	0.412637673106343	0.817616137851722	0.319837720005641	0.726520839477201	0.648772981372768	0.4075373698262	0.727742130377298	0.406820192614096	0.0497562480252021	0.404243177152066	0.628908030907448	0.561393504118537	0.62564809209553	0.0547798663600007	0.590637142180294
Fruitloop(F1)	0.465117685667543	0.529163623572285	0.327642203190849	0.646477362882061	0.083525428745363	0.617676353379684	0.401878462162794	0.529996316397306	0.611543262009393	0.519283201836729	0.594300976059923	0.519296105029574	0.50899364746186	0.438437931503201	0.583064755886573	0.110106228939312	0.294982473174329	0.145834166417654	0.469182393577498	0.550366061603437	0.362748033512951	0.570397160552581	0.623413214761561	0	0.665955059188664	0.527521814038068	0.627222041684488	0.613835971474315	0.647211201833406	0.567756684798548	0.446472519413944	0.603004727772204	0.0861500396338705	0.624865046833624	0.605864627417504	0.506271979961236	0.447575464880847	0.444571950400173	0.0895288459033951	0.527064206611091	0.440237385091567	0.666794609094541	0.629390613866307	0.526459678851567	0.0976691208571482	0.461900806463057	0.626287867456928	0.612218707865189	0.396842122445763	0.0896394918741051	0.514791683354482	0.40292018566608	0.512602557885078	0.65457213640787	0.514255559231904	0.394924076249654	0.534080413686873	0.0529640420501016	0.642176876100393	0.336757117110687
Giles(Q)	1.04557206748145	1.11907603754447	0.732470313658783	1.10161812695221	0.659892199943529	0.728308408874484	0.752384630427848	1.11974494611131	1.05862763257039	1.11897527402922	1.14283152055795	1.1184686999861	1.11019586745628	0.839729370749188	1.13022999648081	0.682232424333931	0.780228142720255	0.733582990229026	1.05094942015447	1.08832863225637	0.905491598642985	1.11031205853071	1.07363801772024	0.665955059188664	0	1.11715340223002	0.72785721402965	1.07038086849737	1.10405506545461	0.733278215335492	1.02767158709459	1.14325891454515	0.660787769869443	1.07605459371126	1.19497002512706	1.03778536789558	0.848137747139983	0.841699350222903	0.651341824101363	1.1170138006971	0.835200750705061	0.960970996308994	0.929850739909497	1.11531773331272	0.651281273721688	1.04140397949779	0.71496471416974	1.12887512618671	0.938194387586643	0.658886879182724	1.11461186906977	0.943616365409462	1.11370230938169	1.10756407772844	1.11426445785695	0.777072217797599	1.1208762569316	0.688896411180595	1.08175269239671	0.957491013730475
Gumball(D1)	0.245765583122777	0.0152836101166684	0.503966417969471	0.559008831298663	0.547447799453683	0.742298947122565	0.4928216547829	0.0172144980726629	0.545707120566424	0.280857421241284	0.383109183255771	0.277369391628974	0.280757981678369	0.473401446895751	0.364546734470813	0.537877926587778	0.381222199216694	0.481723100984489	0.24300315660572	0.561098708322095	0.294868141790285	0.389038203812137	0.563036759828347	0.527521814038068	1.11715340223002	0	0.751977427636822	0.53792048274387	0.548966132147438	0.677289529849375	0.232895742359566	0.38036299264602	0.557128643574744	0.557591533304906	0.373219214480395	0.536416045918973	0.460566996993422	0.47791934130819	0.558177160646259	0.0161880971153735	0.480396614896371	0.69814869883589	0.67778515651759	0.0158301397364909	0.574885009021969	0.235151093355793	0.772952937340453	0.373662601267651	0.538692903001145	0.532463956522674	0.281777475229368	0.53393904647212	0.276621540259937	0.567949974748548	0.280488912496916	0.512625501464654	0.0189851115964142	0.506509548831712	0.564231606976415	0.363909913706804
Halo(G)	0.73374338357082	0.751653797082371	0.536590378612504	0.699585786390049	0.644363450929658	0.0293756962317362	0.330787618676065	0.751847892633361	0.670502749189733	0.787248462043477	0.7618062314565	0.787038052958829	0.782682249758569	0.575559137063682	0.728245267300386	0.651186249168468	0.486867702905413	0.667092699427746	0.732660247038259	1.02944618292734	0.637204501887021	0.735253392539866	0.69341432031318	0.627222041684488	0.72785721402965	0.751977427636822	0	0.682414655623976	0.705300227680955	0.37334033641641	0.714728875296502	0.76420765846873	0.65823569208763	0.691892528968272	0.884106300695204	0.98397495556101	0.597018554003325	0.577620292781793	0.659906648530006	0.750717850221138	0.576017257199032	0.550468062497975	0.521817319954042	0.751260454552219	0.666960160535862	0.723114150002782	0.421837188692826	0.704769776645034	0.891344144405719	0.634590121949318	0.78595440749337	0.892728628063907	0.783480563059317	0.702584843284179	0.784010535195264	0.507405050358203	0.754937671028805	0.647657711572421	0.68009610261381	0.831995712463039
Jasper(A1)	0.388872991124944	0.532366958897909	0.632119742141617	0.0569856224121828	0.647954973826872	0.680719754522886	0.502245810773775	0.532030498344505	0.0491305641409793	0.378321729305122	0.276025064467163	0.38153709164553	0.377545400746351	0.526366814344694	0.288037742886638	0.636233161435302	0.504313593884015	0.623160922407951	0.382692819046846	0.811499726328242	0.501014185738097	0.268672014090081	0.0416949652634221	0.613835971474315	1.07038086849737	0.53792048274387	0.682414655623976	0	0.0586799231152175	0.709998780421992	0.391623004485647	0.272710469074278	0.644105139967615	0.0388956928683937	0.412980651680965	0.806683503058215	0.561035575408552	0.529866722525988	0.666368384469657	0.531278234905431	0.530756751445706	0.456918547157491	0.443607715629321	0.52954747376812	0.666713706613904	0.388079426898351	0.809337604884001	0.290851582540674	0.710769988518721	0.636584646116193	0.382158726463706	0.711103032074337	0.38130759476617	0.0559342516230605	0.378687781732886	0.617754087240925	0.535646231224764	0.61600158582638	0.0549295710692093	0.57986983363324
KBG(A1)	0.412403650460102	0.543030454017533	0.665956547258906	0.0434193852109629	0.685170903795053	0.702882135361878	0.534565526449563	0.5430705350277	0.0529452284967135	0.387446166262403	0.282800558677425	0.390458681183077	0.387287159210757	0.550584833806252	0.293855597081723	0.674541197254688	0.536340572062066	0.658237669333985	0.405631066638042	0.838821421309202	0.526437757703679	0.277871662995446	0.0586871566361572	0.647211201833406	1.10405506545461	0.548966132147438	0.705300227680955	0.0586799231152175	0	0.731072219920312	0.415511116522481	0.275782415148446	0.680813865498266	0.048223833944265	0.424422958162	0.832940451302002	0.57227025609908	0.553625595735347	0.702916821441576	0.541998550496303	0.554543908711613	0.468594370761461	0.458788056940283	0.54111040232075	0.703921291439997	0.410555825186019	0.83140983900117	0.291734633006043	0.744296635410308	0.674639115323441	0.391108983565635	0.744633505327443	0.39080869160154	0.0462031279204823	0.388197339448919	0.650308077285174	0.547108154091149	0.648715454078367	0.0444754624653122	0.599992051878978
Konstantine(H1)	0.660205180180876	0.674664570186222	0.335373181881032	0.72436612561151	0.571629608577259	0.362779482805412	0.434678633242254	0.674401005930529	0.698593699486694	0.775653208055202	0.726716386713736	0.773022508204037	0.769599965950364	0.644418192395797	0.692983209097727	0.564779457582714	0.510782397038179	0.567334662854852	0.663320665514826	0.970669933673221	0.581364273707997	0.699744740635927	0.720280608991651	0.567756684798548	0.733278215335492	0.677289529849375	0.37334033641641	0.709998780421992	0.731072219920312	0	0.64000916011892	0.717077082568839	0.572519025265813	0.721681460644851	0.880711495954339	0.914260405032609	0.443578265590975	0.64868308831785	0.570843336076686	0.673434248213863	0.646103453724005	0.713126592255749	0.679883957973253	0.673855960327882	0.585387212505531	0.655148262206221	0.116404262345358	0.667735244112962	0.837977793326011	0.557369976193195	0.774853910929949	0.840335857569264	0.770427970803913	0.741299575162206	0.772245056346613	0.506281249906115	0.676969459748202	0.564669343468421	0.718420522090896	0.708832635673234
Kostya(E)	0.0313210417854438	0.231012083309848	0.445363278934543	0.424043945967904	0.458449779752016	0.709572498101247	0.451010838575102	0.228987084987272	0.405340437416531	0.240345208873498	0.299278222071929	0.24046674659887	0.236113681188879	0.445919832793663	0.302243992424865	0.44622176156409	0.34492270152195	0.402260357308246	0.037594306083558	0.541856074152578	0.279539746339322	0.303726590458843	0.415329308556494	0.446472519413944	1.02767158709459	0.232895742359566	0.714728875296502	0.391623004485647	0.415511116522481	0.64000916011892	0	0.302799180356631	0.462116381871315	0.412995336062582	0.326806022264311	0.5284720166107	0.387247019909249	0.45149241716259	0.473703558297653	0.22992777332654	0.452785625226183	0.627240638796008	0.602951485170357	0.22141715847563	0.482472928350572	0.0329829490179308	0.739743433479616	0.323671018034187	0.485256273302176	0.443667729244996	0.241937472963376	0.482403281641878	0.234357602285859	0.433872941314306	0.239444381913744	0.48336790137526	0.229391549140275	0.427377884769661	0.431396469873044	0.297617151096417
L5(A2)	0.299416504441822	0.371923903829883	0.594133354596565	0.281324682306458	0.636040124219742	0.757270503260043	0.534330501746807	0.371858322588791	0.287204752238743	0.249861029616917	0.0630702348682347	0.246856194762074	0.253064905209704	0.520990983473195	0.0821504797933789	0.612775934656168	0.485243026049943	0.569384454745444	0.290441138837804	0.728736066169005	0.390492615598668	0.0695287774199713	0.298379089056557	0.603004727772204	1.14325891454515	0.38036299264602	0.76420765846873	0.272710469074278	0.275782415148446	0.717077082568839	0.302799180356631	0	0.630780454101415	0.295186504630782	0.298028263142235	0.72326721403336	0.554223826537303	0.52492349814958	0.644364819271838	0.370773853155208	0.527115979503192	0.539913648165233	0.525258519021568	0.371658390253558	0.654653955970493	0.30366423727541	0.818082438480013	0.0941753012050304	0.644242903653193	0.619096554598094	0.257387341111269	0.641584592102156	0.254700900751779	0.293320208422551	0.250643545589115	0.629653831042837	0.373716422652326	0.59141266153679	0.293437172869077	0.480620277319918
Llij(F1)	0.480130433165283	0.558609913760464	0.310199850153913	0.677211596331692	0.0448080897634661	0.649836123441227	0.442773454695959	0.558881091945098	0.643961898685758	0.56103569955469	0.621611158032229	0.561067175462021	0.551051776652339	0.500575648843545	0.612040427672756	0.0499814767093081	0.343021909585547	0.132660505145516	0.485735550222223	0.559768752316884	0.402983453921821	0.599608212052029	0.653139615456845	0.0861500396338705	0.660787769869443	0.557128643574744	0.65823569208763	0.644105139967615	0.680813865498266	0.572519025265813	0.462116381871315	0.630780454101415	0	0.655949390761138	0.641881768719955	0.51723645485386	0.459150001751127	0.507064676468808	0.0440206945472734	0.556633747385365	0.502938561568427	0.720849143656012	0.681706168728321	0.554693748875289	0.0307065941264027	0.480362369734465	0.62458941499749	0.644038348220176	0.405593837632389	0.0594348665588289	0.557520242995971	0.412543541768569	0.554251393305311	0.686942875816012	0.556196569089945	0.413015754150416	0.562228886118413	0.0790004523214925	0.676082463216544	0.342774781594256
Lockley(A1)	0.411042956032164	0.552091361973253	0.649453507715793	0.044272935325945	0.660586364858487	0.689990423628548	0.519501224510619	0.552019220067914	0.0329656227892667	0.397709862667446	0.299709176582289	0.401243063891877	0.396804559233745	0.546664856439774	0.310305899098854	0.649950536891775	0.523198085554224	0.639567583232921	0.405152755163072	0.828500877641602	0.525749761870623	0.29331539307183	0.0171061679928875	0.624865046833624	1.07605459371126	0.557591533304906	0.691892528968272	0.0388956928683937	0.048223833944265	0.721681460644851	0.412995336062582	0.295186504630782	0.655949390761138	0	0.433116842196717	0.822519746255058	0.564992207531824	0.55007528879885	0.67961952823092	0.55100910240717	0.550618314436321	0.47222838796837	0.45936175098977	0.549533286093246	0.678724616089538	0.409874199688904	0.820115567523049	0.31498640396875	0.728980522557067	0.650796296929603	0.401280040984322	0.729974388572363	0.400679588555556	0.0456314932831341	0.398112841086797	0.63001396708943	0.556089005599925	0.627329562230078	0.0453718368317391	0.590190646180098
Myrna(C2)	0.316979053403662	0.36915503876838	0.685673786756387	0.437934164060431	0.640866588812986	0.877238296199239	0.591304800012086	0.369041307672981	0.436011318228731	0.163164827990752	0.292044239152146	0.164908673419772	0.167523874845398	0.469975490573001	0.322110326067083	0.62930417756629	0.49139126257003	0.589988070996152	0.309109825040395	0.529697560016288	0.382410951257222	0.304360968191149	0.437269336781486	0.605864627417504	1.19497002512706	0.373219214480395	0.884106300695204	0.412980651680965	0.424422958162	0.880711495954339	0.326806022264311	0.298028263142235	0.641881768719955	0.433116842196717	0	0.549460053374621	0.663382178836252	0.473580657887438	0.651428521045608	0.368211527170099	0.476930101962768	0.625346676148977	0.617414468105174	0.368009937476029	0.660903856925245	0.314967361736919	0.977873366329198	0.348245260023597	0.496981964294231	0.62523659926045	0.168741343255144	0.491219404764723	0.173101226230165	0.433599098052807	0.166842493761828	0.636207454221982	0.370429054586147	0.596189771013683	0.440980680352536	0.460293655256466
Nigel(B4)	0.535694217653219	0.537631535294916	0.628165190006365	0.839791355546084	0.516978311391395	0.973140720233018	0.682566408274252	0.537500961563999	0.818461416445204	0.563022882954382	0.725661697835209	0.56267640299942	0.55587084285237	0.562205041684674	0.734517468343805	0.522112807811743	0.53737527715627	0.517835677660082	0.541954860185114	0.090308780045104	0.460682324906798	0.721180224391328	0.822370903603702	0.506271979961236	1.03778536789558	0.536416045918973	0.98397495556101	0.806683503058215	0.832940451302002	0.914260405032609	0.5284720166107	0.72326721403336	0.51723645485386	0.822519746255058	0.549460053374621	0	0.694444579076252	0.567866334822845	0.511825950195692	0.536303058808083	0.566625456073866	0.947543932974234	0.92710743109929	0.535128783969033	0.524582665803731	0.531649963844225	0.974184158752175	0.756018130016412	0.201850585846993	0.50396960104322	0.559880007374284	0.199564345903235	0.560286182016717	0.844081643861785	0.561540926863923	0.554410204008183	0.539141515763124	0.480196785156667	0.840335911766883	0.415694227898973
