	Bethlehem(A1)	Bxb1(A1)	DD5(A1)	Jasper(A1)	KBG(A1)	Lockley(A1)	Solon(A1)	U2(A1)	Bxz2(A2)	Che12(A2)	D29(A2)	L5(A2)	Pukovnik(A2)	Chah(B1)	Orion(B1)	PG1(B1)	Qyrzula(B2)	Rosebush(B2)	Phaedrus(B3)	Pipefish(B3)	Cooper(B4)	Nigel(B4)	Bxz1(C1)	Cali(C1)	Catera(C1)	Rizal(C1)	ScottMcG(C1)	Spud(C1)	Myrna(C2)	Adjutor(D)	Butterscotch(D)	Gumball(D)	Plot(D)	PBI1(D)	Troll4(D)	244(E)	Cjw1(E)	Kostya(E)	Porky(E)	Boomer(F1)	Che8(F1)	Fruitloop(F1)	Llij(F1)	Pacc40(F1)	PMC(F1)	Ramsey(F1)	Tweety(F1)	Che9d(F2)	BPs(G)	Halo(G)	Konstantine(H1)	Predator(H1)	Barnyard(H2)	Brujita(I)	Che9c(I)	Corndog(Single)	Giles(Single)	Omega(Single)	TM4(Single)	Wildcat(Single)
Bethlehem(A1)	1.0	0.735270034533	0.773575372623	0.75968061694	0.764602319801	0.776512957869	0.77505784699	0.827890315307	0.530805178063	0.511289779871	0.517356487477	0.513723118519	0.520248557479	0.470242404935	0.471117485983	0.469365458152	0.476712813481	0.475547070054	0.475754576942	0.471449298263	0.465742835861	0.465416761428	0.26259126425	0.263514513503	0.266205103202	0.26579449937	0.264944835476	0.264025763648	0.250478325042	0.476399510554	0.475768366676	0.473835747909	0.475558265376	0.475986474701	0.475396061537	0.445918885003	0.442270648513	0.441992723643	0.440710250623	0.488550129827	0.484295513473	0.485686179702	0.487619631484	0.486040208191	0.48704380185	0.486650929282	0.487011261336	0.487825400096	0.484068233022	0.487377027512	0.469415516694	0.454478562332	0.455894303248	0.497062128161	0.497921862012	0.466991726608	0.497537294922	0.342736121125	0.50103924028	0.428322501049
Bxb1(A1)	0.735270034533	1.0	0.771042342874	0.749365955542	0.768638229391	0.779641389615	0.806668052694	0.777492092266	0.540906654839	0.527257519002	0.52844328163	0.52503451784	0.525489773564	0.463660346727	0.463602365629	0.462527505717	0.46988877236	0.468032533718	0.468928201613	0.465016192875	0.456058644755	0.459111717706	0.255057798841	0.256771104805	0.258899024114	0.258836521909	0.257684773966	0.25717715702	0.24415398258	0.468394815553	0.468032297109	0.467566204673	0.467773751089	0.468379476954	0.470186611148	0.439472734322	0.433933067562	0.435281288593	0.432994129159	0.483995891633	0.479915363507	0.484900733202	0.484820907311	0.483269942865	0.486755821759	0.482919722697	0.48212073526	0.487658266112	0.490601026762	0.491169590643	0.465114517693	0.447494473102	0.446900231693	0.503819247495	0.494755932725	0.458536030269	0.499489805052	0.333426477614	0.503161518253	0.419373727088
DD5(A1)	0.773575372623	0.771042342874	1.0	0.823063298219	0.800533977955	0.96253679422	0.828518490509	0.800923728504	0.535383380754	0.519267598575	0.521030981322	0.517948442919	0.520077639475	0.467888843766	0.468863300171	0.466462450024	0.472791571502	0.472896564891	0.472080257429	0.468518199068	0.460591063746	0.463495040782	0.25977378116	0.261317203436	0.263702971713	0.263603055815	0.262594857342	0.262041369518	0.248477007829	0.474295521062	0.473562549752	0.473984471529	0.472326919262	0.473819703029	0.473467639545	0.445330554776	0.439188126082	0.439302032456	0.43688661516	0.487347719569	0.483303145068	0.486473397682	0.487282783107	0.485148514851	0.487976157851	0.485563209955	0.48529877226	0.48880372579	0.485323421214	0.488166076724	0.467770469494	0.451774997169	0.452509500905	0.500437119845	0.496253661195	0.464050521285	0.49821050195	0.339870753756	0.501977634749	0.427540933552
Jasper(A1)	0.75968061694	0.749365955542	0.823063298219	1.0	0.770783137987	0.834531020731	0.794751693002	0.790544904323	0.536358454835	0.523672233404	0.521860913762	0.522511246553	0.521006159433	0.464784033882	0.464858199753	0.463797548575	0.471341904439	0.470712835751	0.46905946009	0.467747037847	0.459332095431	0.459976105137	0.25782776045	0.258497316637	0.261051043827	0.260094842146	0.260551727704	0.259508089863	0.245836016182	0.471124946329	0.470932459137	0.470629552152	0.470867415456	0.471111656592	0.471302377562	0.44114699555	0.437307465426	0.437899573351	0.433755219207	0.485064705585	0.481877599525	0.485310083346	0.489562853675	0.484417842573	0.486634139637	0.482591811456	0.484347115433	0.48746070676	0.489298649984	0.490952721924	0.466477109454	0.449885959569	0.450664682679	0.502925301023	0.494008444589	0.460758953951	0.498095323259	0.336580837622	0.502642438283	0.425267175573
KBG(A1)	0.764602319801	0.768638229391	0.800533977955	0.770783137987	1.0	0.790321415674	0.814812117681	0.819635982432	0.534122874599	0.518469194645	0.51688086955	0.51716231118	0.519571710538	0.474318536952	0.474556641332	0.472571354698	0.480971099628	0.480151921751	0.481128512073	0.47840560163	0.469377439555	0.471053042232	0.268365941913	0.269393847757	0.271696518545	0.270893689995	0.270544359269	0.269964504679	0.257203245712	0.480379158475	0.480185805666	0.478629228523	0.479860267315	0.480540861903	0.479724175724	0.452557959505	0.448694946108	0.4479311521	0.445772609954	0.489567548665	0.487567231768	0.490022026067	0.487876735523	0.488670456994	0.489198629905	0.488768409395	0.488024100773	0.490070970384	0.479138925877	0.481794682422	0.475804751724	0.460715749022	0.459732624064	0.499945383047	0.5	0.467990826208	0.498415255573	0.34947694692	0.503271778048	0.435420134433
Lockley(A1)	0.776512957869	0.779641389615	0.96253679422	0.834531020731	0.790321415674	1.0	0.813008282779	0.809135639274	0.535307141942	0.523714951162	0.518317906101	0.52248305207	0.518150758061	0.466887081104	0.468044077135	0.466243541586	0.472100026571	0.471193264469	0.471601089632	0.46765052789	0.460885717904	0.462441214498	0.259714225328	0.260702266892	0.263011098036	0.262905216657	0.26191815179	0.261472330868	0.247985083239	0.472301375739	0.471806410139	0.471428571429	0.471379494618	0.472747326818	0.471667533103	0.443870123279	0.43823891787	0.440031510536	0.437580773599	0.486263643997	0.482565513152	0.485159111052	0.487403880735	0.484311141508	0.4869869355	0.486118753439	0.484829319441	0.488103647296	0.487794128919	0.488197424893	0.467207163601	0.452556500573	0.452777544096	0.503231607936	0.496192199986	0.461536276751	0.49869023647	0.338877825934	0.503434140027	0.424989823954
Solon(A1)	0.77505784699	0.806668052694	0.828518490509	0.794751693002	0.814812117681	0.813008282779	1.0	0.805613208429	0.537441657214	0.515626977097	0.525969819374	0.517423461545	0.520646968465	0.459568165648	0.460439177414	0.456781052814	0.464596603757	0.463760217984	0.462736000467	0.460261945884	0.450358354806	0.453789765853	0.251170536429	0.252308662552	0.254055670787	0.254087976768	0.253177240229	0.252794630179	0.240088681022	0.467212233806	0.466209372986	0.464523434272	0.465530951798	0.466952367786	0.465138051169	0.435286568002	0.429276100018	0.430159522746	0.428642310605	0.480911121641	0.478848987566	0.481689809762	0.484149508919	0.48099503489	0.48353621687	0.480862850428	0.482034624787	0.483630926509	0.494353702344	0.49644968067	0.462043253565	0.442411530449	0.442591161386	0.504050073638	0.492598062788	0.455614135081	0.498262106723	0.328127253064	0.500786854048	0.414658979548
U2(A1)	0.827890315307	0.777492092266	0.800923728504	0.790544904323	0.819635982432	0.809135639274	0.805613208429	1.0	0.533530318602	0.520138173006	0.522251503229	0.517487381619	0.518391028939	0.467773961187	0.468370764524	0.465798139281	0.47305592445	0.471824049163	0.472758254082	0.469339046168	0.46055206002	0.463230172156	0.258580825322	0.259447772623	0.262209275864	0.261546357594	0.261739456468	0.26049969987	0.247110344451	0.474390598906	0.474292626164	0.471891413216	0.472563535068	0.473618032661	0.473575462602	0.44277716164	0.437943285656	0.438235294118	0.437120045921	0.487189401836	0.482137560558	0.48421123129	0.486962770326	0.486184067904	0.485783413697	0.486082586118	0.485245518577	0.488152312627	0.48831843092	0.490505477609	0.467107153117	0.451131760107	0.451210781217	0.504248176004	0.496236109452	0.46319737459	0.499830740998	0.337646889193	0.503875549787	0.424355370114
Bxz2(A2)	0.530805178063	0.540906654839	0.535383380754	0.536358454835	0.534122874599	0.535307141942	0.537441657214	0.533530318602	1.0	0.570660828025	0.583966892626	0.571474954454	0.568788866913	0.465647748035	0.465427692665	0.463996891818	0.472274318118	0.4718146264	0.470733129281	0.465833417234	0.458522103723	0.462172082172	0.257301327048	0.25813176843	0.260801154724	0.260988761125	0.259829336092	0.259542773052	0.246431391605	0.471408411817	0.472450121916	0.470572964388	0.470916285963	0.471153846154	0.471226877374	0.442635213657	0.437579492559	0.43712747801	0.435355684028	0.483999325577	0.481904038569	0.483230250918	0.486857886981	0.482224339367	0.48651847278	0.485234675129	0.483269574514	0.48752904725	0.487650374847	0.489874470513	0.466502179705	0.449660529263	0.450614685079	0.500323120201	0.497264957265	0.460348410236	0.499839343092	0.3366316112	0.502422620769	0.425216882489
Che12(A2)	0.511289779871	0.527257519002	0.519267598575	0.523672233404	0.518469194645	0.523714951162	0.515626977097	0.520138173006	0.570660828025	1.0	0.663855267722	0.729227257667	0.638735922123	0.469168356998	0.469248918031	0.467365665631	0.474558011865	0.474177438308	0.47466262938	0.472332299564	0.462551475032	0.466487669053	0.261348789548	0.262392546456	0.26524534951	0.265035273941	0.263523297306	0.262980579955	0.250025814054	0.474958302092	0.475628401933	0.475385387975	0.474855993417	0.475364935582	0.474830368604	0.445430251203	0.441577333368	0.442000341445	0.440253540966	0.486171639289	0.483175448984	0.486755629691	0.487037541732	0.48631151497	0.486446297942	0.483909137876	0.485136504877	0.488229132682	0.485264815834	0.487614426776	0.468939783062	0.453391269886	0.454665264634	0.499076716468	0.49614443916	0.464184563711	0.498106529818	0.342311816814	0.500993679838	0.430017678406
D29(A2)	0.517356487477	0.52844328163	0.521030981322	0.521860913762	0.51688086955	0.518317906101	0.525969819374	0.522251503229	0.583966892626	0.663855267722	1.0	0.675843208751	0.629021832807	0.455978631672	0.456686510817	0.455024778149	0.464523953911	0.462234849042	0.461611443585	0.45803768045	0.449646269624	0.452367410778	0.250080057385	0.251021524404	0.253000689216	0.253461011245	0.251638719019	0.251405373658	0.239424385266	0.464818828883	0.464625683228	0.46436278486	0.4642371041	0.465467957584	0.464525032585	0.432939383406	0.428603293315	0.42867283626	0.426146453567	0.481197029418	0.47736011668	0.480400080824	0.484285295588	0.478919354568	0.483438444924	0.480875417485	0.480276051525	0.484570852384	0.494804571977	0.495938366964	0.458288486319	0.443012307867	0.441694772344	0.503635831952	0.491383013454	0.451950753797	0.495655001716	0.327367434483	0.500485979937	0.417371829946
L5(A2)	0.513723118519	0.52503451784	0.517948442919	0.522511246553	0.51716231118	0.52248305207	0.517423461545	0.517487381619	0.571474954454	0.729227257667	0.675843208751	1.0	0.641148580257	0.469941476417	0.469902547097	0.468834338214	0.473614308482	0.473909148321	0.472863362992	0.471371523788	0.462790043594	0.465658287175	0.262426427734	0.263558509577	0.266206367472	0.265437632355	0.26471976058	0.26398704073	0.251337807878	0.475586071904	0.474622666035	0.473711481606	0.474267170455	0.475076141355	0.475879135987	0.446563713779	0.44236715229	0.442438249314	0.441917479526	0.484786542457	0.482903734876	0.486031285921	0.489125814076	0.485009727465	0.486447274093	0.483332778868	0.484071355014	0.488231858164	0.480840123258	0.481416463748	0.46978669406	0.454000311143	0.455486658623	0.497411545624	0.4961088833	0.46417348027	0.497967551518	0.342467111191	0.500455804808	0.430275591052
Pukovnik(A2)	0.520248557479	0.525489773564	0.520077639475	0.521006159433	0.519571710538	0.518150758061	0.520646968465	0.518391028939	0.568788866913	0.638735922123	0.629021832807	0.641148580257	1.0	0.473397709669	0.473313061106	0.472160324329	0.478268561656	0.477891431003	0.47891281245	0.473521769713	0.46753410991	0.469277390601	0.264908932551	0.266657230357	0.268747927732	0.268477738369	0.267169996703	0.266977290474	0.253355847374	0.476706673802	0.477371660735	0.477645339544	0.476939251268	0.47772375623	0.478377016898	0.44942800315	0.445581127281	0.447100364916	0.444232851162	0.487106496986	0.486759844195	0.48881836911	0.490254237288	0.485622684762	0.489698863733	0.485635570013	0.486490516027	0.490996603458	0.481540420115	0.483921055093	0.471456603774	0.457068958207	0.45780649864	0.49866179375	0.496647136519	0.4671923842	0.498821833017	0.346817579684	0.503441651993	0.433013016067
Chah(B1)	0.470242404935	0.463660346727	0.467888843766	0.464784033882	0.474318536952	0.466887081104	0.459568165648	0.467773961187	0.465647748035	0.469168356998	0.455978631672	0.469941476417	0.473397709669	1.0	0.996829802776	0.987943776264	0.532741729762	0.541062278014	0.543158930353	0.536333109469	0.576038844328	0.571041565583	0.328730731807	0.330258884065	0.332399584037	0.332123470898	0.331201095841	0.330656034889	0.315885353413	0.493840875214	0.493607216118	0.493564821962	0.4930658881	0.493414387031	0.493467039845	0.496314017136	0.495030355816	0.493979457061	0.494107281944	0.482480829432	0.484319060576	0.483553717822	0.479964278512	0.485070341659	0.479145971004	0.484019377401	0.483728468368	0.476531538672	0.422457090449	0.424429436423	0.489439174107	0.488211888263	0.489585994541	0.452103602228	0.492863103974	0.503817725639	0.48028419697	0.415768642619	0.481524366415	0.480617345664
Orion(B1)	0.471117485983	0.463602365629	0.468863300171	0.464858199753	0.474556641332	0.468044077135	0.460439177414	0.468370764524	0.465427692665	0.469248918031	0.456686510817	0.469902547097	0.473313061106	0.996829802776	1.0	0.98999985507	0.532920637506	0.538140779899	0.543269953661	0.536123768432	0.576569082566	0.571644286254	0.327977158368	0.329963016562	0.332072455008	0.331586704846	0.331259328177	0.330406564907	0.315535719707	0.493993825428	0.494026250841	0.493706981318	0.493191644674	0.493651507065	0.493214767363	0.495826399001	0.4952378514	0.494024160109	0.49351478323	0.483835309656	0.484864973224	0.48427745167	0.480808284484	0.485174389386	0.47938396819	0.484513464682	0.483049023687	0.476568018336	0.422235165635	0.425097559555	0.488961193113	0.488125685057	0.489151634989	0.451789351178	0.492037666302	0.504004778583	0.481820813432	0.415865362993	0.481384403736	0.480782451097
PG1(B1)	0.469365458152	0.462527505717	0.466462450024	0.463797548575	0.472571354698	0.466243541586	0.456781052814	0.465798139281	0.463996891818	0.467365665631	0.455024778149	0.468834338214	0.472160324329	0.987943776264	0.98999985507	1.0	0.530004716663	0.535138310371	0.543251558799	0.535450981442	0.573975685429	0.57223426164	0.330440292632	0.332130660441	0.334405750757	0.333497818408	0.333189045309	0.332563495494	0.317580696087	0.491822527887	0.491874746741	0.492686811114	0.492420012284	0.491735883883	0.492528759732	0.49606615598	0.495546155124	0.494856981823	0.492664693576	0.481896293763	0.484385655831	0.48222611969	0.478746531651	0.483427382581	0.478283868016	0.482507828067	0.48309819011	0.475217198391	0.420908237672	0.423261321627	0.488779891342	0.488672748952	0.489161636486	0.449451659452	0.489991421218	0.504747842813	0.479943166325	0.418089105527	0.47890968688	0.481549378328
Qyrzula(B2)	0.476712813481	0.46988877236	0.472791571502	0.471341904439	0.480971099628	0.472100026571	0.464596603757	0.47305592445	0.472274318118	0.474558011865	0.464523953911	0.473614308482	0.478268561656	0.532741729762	0.532920637506	0.530004716663	1.0	0.971334850321	0.568463073852	0.571456046598	0.554363023823	0.551482812249	0.326019451043	0.327150051777	0.330267955209	0.330153266658	0.328885471323	0.327948178639	0.313485315908	0.496025369378	0.495207349679	0.494675344933	0.495623632385	0.496195149705	0.495894653105	0.495874027263	0.495100620288	0.495095069288	0.493299649915	0.485657591409	0.488990239368	0.488277491033	0.483743525211	0.486807964782	0.481969517284	0.487414787625	0.487951016838	0.479831144465	0.426826372191	0.428944711681	0.487529724833	0.485227412039	0.486753035339	0.4568	0.494436239746	0.508064405993	0.487315026136	0.412226382488	0.486393655286	0.477656118699
Rosebush(B2)	0.475547070054	0.468032533718	0.472896564891	0.470712835751	0.480151921751	0.471193264469	0.463760217984	0.471824049163	0.4718146264	0.474177438308	0.462234849042	0.473909148321	0.477891431003	0.541062278014	0.538140779899	0.535138310371	0.971334850321	1.0	0.562720872257	0.562666739633	0.553933032155	0.551581456386	0.327502865082	0.328708617152	0.331426937375	0.330731618626	0.33012186769	0.329582771502	0.314095907796	0.493604395292	0.493563998127	0.494988816851	0.495745373713	0.493512945719	0.49607113024	0.495403859713	0.495469908627	0.493467375494	0.492817269282	0.484500523926	0.4886729988	0.487644271303	0.483109192217	0.486654468357	0.481008966975	0.486633965112	0.48762189459	0.479715312893	0.424994460448	0.428296950976	0.488577765848	0.486309645015	0.488499837645	0.456076447774	0.49446623602	0.507489792853	0.485916628788	0.412571623895	0.486337034484	0.480231086382
Phaedrus(B3)	0.475754576942	0.468928201613	0.472080257429	0.46905946009	0.481128512073	0.471601089632	0.462736000467	0.472758254082	0.470733129281	0.47466262938	0.461611443585	0.472863362992	0.47891281245	0.543158930353	0.543269953661	0.543251558799	0.568463073852	0.562720872257	1.0	0.910432214152	0.559891562182	0.560066967932	0.329080701844	0.330282487329	0.333127506484	0.333188300387	0.331338847247	0.331458209687	0.31563959172	0.49369697483	0.495584320464	0.495575843684	0.495632235648	0.495496384421	0.494930148716	0.497552698558	0.496997921638	0.496358615375	0.493926710952	0.487370713904	0.489134342955	0.487107049684	0.483926479733	0.486669548926	0.483043371368	0.488436512631	0.488003458462	0.480632731697	0.427314258939	0.42974334935	0.491851748056	0.492701024276	0.491200409659	0.455491718199	0.49545290248	0.506873928076	0.485404431005	0.415684545765	0.483664504117	0.481842404834
Pipefish(B3)	0.471449298263	0.465016192875	0.468518199068	0.467747037847	0.47840560163	0.46765052789	0.460261945884	0.469339046168	0.465833417234	0.472332299564	0.45803768045	0.471371523788	0.473521769713	0.536333109469	0.536123768432	0.535450981442	0.571456046598	0.562666739633	0.910432214152	1.0	0.54984029811	0.550415723868	0.33215129267	0.333284022717	0.336415922015	0.335833252167	0.334050443187	0.334195537609	0.318716681441	0.493369108009	0.493222965145	0.494294511864	0.493876241491	0.493854405274	0.49259129949	0.498547567175	0.497651260128	0.495375707734	0.496408192378	0.483688833124	0.487412169658	0.48679207667	0.481971891275	0.486407283591	0.480739004944	0.487149233787	0.487040068323	0.477671234834	0.422243724907	0.424310668399	0.490369794343	0.49028662206	0.491156681842	0.451403109047	0.492115862542	0.508311614654	0.482444938661	0.42	0.47983396053	0.483247197463
Cooper(B4)	0.465742835861	0.456058644755	0.460591063746	0.459332095431	0.469377439555	0.460885717904	0.450358354806	0.46055206002	0.458522103723	0.462551475032	0.449646269624	0.462790043594	0.46753410991	0.576038844328	0.576569082566	0.573975685429	0.554363023823	0.553933032155	0.559891562182	0.54984029811	1.0	0.812624767674	0.337942159235	0.33970722546	0.34270137499	0.341095036493	0.34044766668	0.340599578089	0.325381453439	0.492680381224	0.492802790979	0.492008443908	0.49263365631	0.492789253928	0.492289735668	0.497742809235	0.497308783672	0.497749786453	0.497296817097	0.477367979883	0.48083909854	0.478913519622	0.474946478794	0.479067236038	0.473349934249	0.478760975474	0.480211708189	0.471712377672	0.411403310547	0.41420987236	0.486498323411	0.488138260278	0.48783047695	0.444424082663	0.486319765002	0.507758309611	0.477158144564	0.424318175687	0.474229849487	0.485222958386
Nigel(B4)	0.465416761428	0.459111717706	0.463495040782	0.459976105137	0.471053042232	0.462441214498	0.453789765853	0.463230172156	0.462172082172	0.466487669053	0.452367410778	0.465658287175	0.469277390601	0.571041565583	0.571644286254	0.57223426164	0.551482812249	0.551581456386	0.560066967932	0.550415723868	0.812624767674	1.0	0.334865351009	0.33649380556	0.339140889004	0.33875974026	0.338267026734	0.337552497629	0.32191389884	0.492882266597	0.492379040631	0.49184152402	0.492998591433	0.492744392135	0.492380306449	0.496093193215	0.496274084471	0.496770570065	0.496909545506	0.478741400699	0.482717386717	0.480380432489	0.476216704799	0.480053509822	0.475014124294	0.480611310656	0.481252812781	0.472606225087	0.415516576991	0.417890844719	0.485637850435	0.490059841761	0.490053598571	0.44534724598	0.487946705809	0.508924374488	0.476775045059	0.421194601545	0.475915330996	0.483311962354
Bxz1(C1)	0.26259126425	0.255057798841	0.25977378116	0.25782776045	0.268365941913	0.259714225328	0.251170536429	0.258580825322	0.257301327048	0.261348789548	0.250080057385	0.262426427734	0.264908932551	0.328730731807	0.327977158368	0.330440292632	0.326019451043	0.327502865082	0.329080701844	0.33215129267	0.337942159235	0.334865351009	1.0	0.91448025987	0.914715384037	0.921828142119	0.902505325209	0.937656893262	0.529110244914	0.310045653329	0.310049874833	0.309477620063	0.310347476506	0.309627476341	0.310147451452	0.347272622545	0.352782310966	0.35226952715	0.353860035324	0.284193000993	0.289621300411	0.286925505414	0.279121892491	0.286142418033	0.278337773452	0.286331736803	0.286856901344	0.277698799964	0.219939019703	0.221431499654	0.310007490733	0.326323538826	0.329979583085	0.242948093872	0.284467356153	0.333546734955	0.270418422367	0.448239618303	0.267614924494	0.353072153867
Cali(C1)	0.263514513503	0.256771104805	0.261317203436	0.258497316637	0.269393847757	0.260702266892	0.252308662552	0.259447772623	0.25813176843	0.262392546456	0.251021524404	0.263558509577	0.266657230357	0.330258884065	0.329963016562	0.332130660441	0.327150051777	0.328708617152	0.330282487329	0.333284022717	0.33970722546	0.33649380556	0.91448025987	1.0	0.91990172299	0.924107591124	0.921329330184	0.922287638783	0.532746540699	0.310934153229	0.311207883599	0.312382618539	0.311652558726	0.310968746181	0.311221601873	0.349785269763	0.353686998901	0.353334147769	0.355017260998	0.28505340368	0.290846393371	0.288073547955	0.280486941751	0.287616682643	0.279604416534	0.287066164881	0.288157293684	0.278739255752	0.221294806616	0.223103903208	0.31167987444	0.327198719062	0.330538336891	0.243703589308	0.285760240879	0.334499546592	0.272501479937	0.449276567437	0.269156773799	0.353992028799
Catera(C1)	0.266205103202	0.258899024114	0.263702971713	0.261051043827	0.271696518545	0.263011098036	0.254055670787	0.262209275864	0.260801154724	0.26524534951	0.253000689216	0.266206367472	0.268747927732	0.332399584037	0.332072455008	0.334405750757	0.330267955209	0.331426937375	0.333127506484	0.336415922015	0.34270137499	0.339140889004	0.914715384037	0.91990172299	1.0	0.974321468155	0.951856543576	0.949600280282	0.532888911738	0.313538173594	0.313921977658	0.315223042529	0.314006993098	0.31366164964	0.313752380457	0.351267775822	0.357190187875	0.356073503229	0.358388712412	0.28729213527	0.292486007554	0.290222132656	0.282243488889	0.289726855523	0.281861087997	0.289660148734	0.290257996997	0.280500013001	0.222399240483	0.224378982963	0.314044859837	0.329673042936	0.333088588842	0.245884158236	0.287567124784	0.337696267027	0.274300092324	0.452230986389	0.270738922662	0.356588895529
Rizal(C1)	0.26579449937	0.258836521909	0.263603055815	0.260094842146	0.270893689995	0.262905216657	0.254087976768	0.261546357594	0.260988761125	0.265035273941	0.253461011245	0.265437632355	0.268477738369	0.332123470898	0.331586704846	0.333497818408	0.330153266658	0.330731618626	0.333188300387	0.335833252167	0.341095036493	0.33875974026	0.921828142119	0.924107591124	0.974321468155	1.0	0.937859790736	0.951650380367	0.53493672921	0.313986036694	0.314151562185	0.314860872106	0.314383312552	0.314055061602	0.313837041655	0.350789044902	0.356923995741	0.356567007231	0.358138327221	0.287170259895	0.293012411267	0.289623769065	0.282601776005	0.289827492141	0.282020968392	0.289593847633	0.29052706784	0.280340381305	0.222010707139	0.224258017568	0.313890512371	0.328227173257	0.332850658753	0.245564455878	0.287006787257	0.336865686179	0.273587111862	0.451345555082	0.270845242426	0.356763667515
ScottMcG(C1)	0.264944835476	0.257684773966	0.262594857342	0.260551727704	0.270544359269	0.26191815179	0.253177240229	0.261739456468	0.259829336092	0.263523297306	0.251638719019	0.26471976058	0.267169996703	0.331201095841	0.331259328177	0.333189045309	0.328885471323	0.33012186769	0.331338847247	0.334050443187	0.34044766668	0.338267026734	0.902505325209	0.921329330184	0.951856543576	0.937859790736	1.0	0.95157704027	0.531796543075	0.31207667649	0.312307751958	0.312771003367	0.31219909397	0.31203670792	0.312765764951	0.348944032768	0.35525006783	0.3543032456	0.355413749451	0.286437260047	0.291148812409	0.288582102093	0.281729103648	0.28904558469	0.281032866884	0.287939201634	0.288607954913	0.279033238096	0.221173428156	0.223994362482	0.313121914657	0.327678761765	0.331985348743	0.244949282717	0.286133519495	0.335036925522	0.273206805606	0.450881871044	0.270021137822	0.354954117184
Spud(C1)	0.264025763648	0.25717715702	0.262041369518	0.259508089863	0.269964504679	0.261472330868	0.252794630179	0.26049969987	0.259542773052	0.262980579955	0.251405373658	0.26398704073	0.266977290474	0.330656034889	0.330406564907	0.332563495494	0.327948178639	0.329582771502	0.331458209687	0.334195537609	0.340599578089	0.337552497629	0.937656893262	0.922287638783	0.949600280282	0.951650380367	0.95157704027	1.0	0.53524717611	0.311737416362	0.311391000245	0.311881443632	0.312423782947	0.311599065674	0.311454361277	0.349395258829	0.355083166184	0.354622098086	0.356428875447	0.285706910682	0.291313634516	0.288755525441	0.281534540057	0.288205154679	0.280679112327	0.287380946235	0.288730576635	0.279791174611	0.221195866173	0.223141669464	0.312504032518	0.32798008333	0.332174619656	0.244839604983	0.285855326837	0.335279205826	0.272025607269	0.450541974984	0.269013584589	0.35463178457
Myrna(C2)	0.250478325042	0.24415398258	0.248477007829	0.245836016182	0.257203245712	0.247985083239	0.240088681022	0.247110344451	0.246431391605	0.250025814054	0.239424385266	0.251337807878	0.253355847374	0.315885353413	0.315535719707	0.317580696087	0.313485315908	0.314095907796	0.31563959172	0.318716681441	0.325381453439	0.32191389884	0.529110244914	0.532746540699	0.532888911738	0.53493672921	0.531796543075	0.53524717611	1.0	0.296924908002	0.297079183872	0.298156335017	0.297798180736	0.296915892958	0.296940182047	0.334373406503	0.338687061823	0.338816987592	0.340353710438	0.271308319263	0.276419752337	0.273251223749	0.267586642533	0.273742643531	0.266929052556	0.274523855796	0.273916027428	0.26521947753	0.209913439636	0.211871047692	0.296782773446	0.312429419693	0.317471112218	0.232191127607	0.272225933799	0.318698999417	0.259056122449	0.434500577874	0.256745101374	0.339797280893
Adjutor(D)	0.476399510554	0.468394815553	0.474295521062	0.471124946329	0.480379158475	0.472301375739	0.467212233806	0.474390598906	0.471408411817	0.474958302092	0.464818828883	0.475586071904	0.476706673802	0.493840875214	0.493993825428	0.491822527887	0.496025369378	0.493604395292	0.49369697483	0.493369108009	0.492680381224	0.492882266597	0.310045653329	0.310934153229	0.313538173594	0.313986036694	0.31207667649	0.311737416362	0.296924908002	1.0	0.993914524621	0.966158194694	0.972529333867	0.998775440609	0.972042712949	0.484307110697	0.482680236613	0.481776809678	0.480193050193	0.483584751655	0.485668885291	0.485249604698	0.483235401018	0.485109199206	0.481036806008	0.485571945199	0.485609188499	0.48163878229	0.431540266798	0.434196507157	0.502279569892	0.498660775922	0.493650880157	0.461456696552	0.489332103488	0.490434107021	0.480596969373	0.394427545492	0.481676833463	0.471739130435
Butterscotch(D)	0.475768366676	0.468032297109	0.473562549752	0.470932459137	0.480185805666	0.471806410139	0.466209372986	0.474292626164	0.472450121916	0.475628401933	0.464625683228	0.474622666035	0.477371660735	0.493607216118	0.494026250841	0.491874746741	0.495207349679	0.493563998127	0.495584320464	0.493222965145	0.492802790979	0.492379040631	0.310049874833	0.311207883599	0.313921977658	0.314151562185	0.312307751958	0.311391000245	0.297079183872	0.993914524621	1.0	0.962602624108	0.975201010443	0.994641557355	0.974790303963	0.483209494053	0.481014947741	0.482049354554	0.479290245377	0.483151156471	0.485096758732	0.48515030241	0.483497700871	0.484800168469	0.480782616591	0.485593436427	0.486082110292	0.481566785363	0.4310270337	0.434156505634	0.50339201374	0.498654671395	0.494134477825	0.460317460317	0.488760310602	0.490072840791	0.479550102249	0.394534555077	0.481962459942	0.472017691554
Gumball(D)	0.473835747909	0.467566204673	0.473984471529	0.470629552152	0.478629228523	0.471428571429	0.464523434272	0.471891413216	0.470572964388	0.475385387975	0.46436278486	0.473711481606	0.477645339544	0.493564821962	0.493706981318	0.492686811114	0.494675344933	0.494988816851	0.495575843684	0.494294511864	0.492008443908	0.49184152402	0.309477620063	0.312382618539	0.315223042529	0.314860872106	0.312771003367	0.311881443632	0.298156335017	0.966158194694	0.962602624108	1.0	0.954142034432	0.966157154927	0.953054298643	0.484824994745	0.48237407283	0.482586871588	0.480371328878	0.483498844919	0.487089114234	0.48652050771	0.482233349421	0.484363516371	0.481531198624	0.484752214113	0.485797196835	0.481716530674	0.430024897796	0.432525047637	0.50171595264	0.49897234292	0.49419788691	0.460086481845	0.488804170936	0.490502607805	0.478701207718	0.395820777375	0.480955209333	0.470032814916
Plot(D)	0.475558265376	0.467773751089	0.472326919262	0.470867415456	0.479860267315	0.471379494618	0.465530951798	0.472563535068	0.470916285963	0.474855993417	0.4642371041	0.474267170455	0.476939251268	0.4930658881	0.493191644674	0.492420012284	0.495623632385	0.495745373713	0.495632235648	0.493876241491	0.49263365631	0.492998591433	0.310347476506	0.311652558726	0.314006993098	0.314383312552	0.31219909397	0.312423782947	0.297798180736	0.972529333867	0.975201010443	0.954142034432	1.0	0.973152398263	0.967620921866	0.484084044649	0.482249705993	0.482570185435	0.480496773032	0.484788787464	0.485488954279	0.484823047982	0.48346558851	0.483843384338	0.481703270182	0.484662209659	0.486008902744	0.481007488087	0.431441007736	0.434072866023	0.502646483957	0.496982752669	0.495073790933	0.458586416345	0.489417113265	0.490571262426	0.478966026138	0.395177404547	0.481368068251	0.473706701523
PBI1(D)	0.475986474701	0.468379476954	0.473819703029	0.471111656592	0.480540861903	0.472747326818	0.466952367786	0.473618032661	0.471153846154	0.475364935582	0.465467957584	0.475076141355	0.47772375623	0.493414387031	0.493651507065	0.491735883883	0.496195149705	0.493512945719	0.495496384421	0.493854405274	0.492789253928	0.492744392135	0.309627476341	0.310968746181	0.31366164964	0.314055061602	0.31203670792	0.311599065674	0.296915892958	0.998775440609	0.994641557355	0.966157154927	0.973152398263	1.0	0.972499653745	0.48352715722	0.482394275233	0.481215855837	0.479274177981	0.483782231492	0.486102569487	0.485471243601	0.483521308001	0.484726216106	0.480747391851	0.485545572017	0.485645141895	0.48136627113	0.431265930331	0.433989371563	0.502623430243	0.498460178702	0.493731432776	0.460641084913	0.489285120155	0.49024204175	0.480239447804	0.394203420342	0.482438852987	0.471844074949
Troll4(D)	0.475396061537	0.470186611148	0.473467639545	0.471302377562	0.479724175724	0.471667533103	0.465138051169	0.473575462602	0.471226877374	0.474830368604	0.464525032585	0.475879135987	0.478377016898	0.493467039845	0.493214767363	0.492528759732	0.495894653105	0.49607113024	0.494930148716	0.49259129949	0.492289735668	0.492380306449	0.310147451452	0.311221601873	0.313752380457	0.313837041655	0.312765764951	0.311454361277	0.296940182047	0.972042712949	0.974790303963	0.953054298643	0.967620921866	0.972499653745	1.0	0.484258601174	0.482447977252	0.481162122271	0.480014422582	0.483771764529	0.485819587397	0.485417792996	0.483437400783	0.485068240169	0.482489036746	0.48482801075	0.486397671173	0.48233710041	0.431408832963	0.434564017149	0.502219167884	0.49859209364	0.495002451114	0.460103849817	0.48846722821	0.49030263541	0.478707984315	0.395022852413	0.480541118924	0.471501614301
244(E)	0.445918885003	0.439472734322	0.445330554776	0.44114699555	0.452557959505	0.443870123279	0.435286568002	0.44277716164	0.442635213657	0.445430251203	0.432939383406	0.446563713779	0.44942800315	0.496314017136	0.495826399001	0.49606615598	0.495874027263	0.495403859713	0.497552698558	0.498547567175	0.497742809235	0.496093193215	0.347272622545	0.349785269763	0.351267775822	0.350789044902	0.348944032768	0.349395258829	0.334373406503	0.484307110697	0.483209494053	0.484824994745	0.484084044649	0.48352715722	0.484258601174	1.0	0.92304219393	0.864195955859	0.913934953079	0.466734591262	0.469997227467	0.468515186792	0.461926714888	0.468226363192	0.462029676736	0.467551017709	0.469682946823	0.467041457956	0.394236566054	0.395016887364	0.480979294247	0.484211612105	0.487537259739	0.424852783726	0.47027581066	0.494342309684	0.456122789456	0.437671589298	0.453495205278	0.483348191932
Cjw1(E)	0.442270648513	0.433933067562	0.439188126082	0.437307465426	0.448694946108	0.43823891787	0.429276100018	0.437943285656	0.437579492559	0.441577333368	0.428603293315	0.44236715229	0.445581127281	0.495030355816	0.4952378514	0.495546155124	0.495100620288	0.495469908627	0.496997921638	0.497651260128	0.497308783672	0.496274084471	0.352782310966	0.353686998901	0.357190187875	0.356923995741	0.35525006783	0.355083166184	0.338687061823	0.482680236613	0.481014947741	0.48237407283	0.482249705993	0.482394275233	0.482447977252	0.92304219393	1.0	0.87811570712	0.89032461393	0.460819488859	0.465006100569	0.464281537122	0.457205274245	0.463642974005	0.456632885373	0.463443779143	0.464445801447	0.462897341684	0.388911531534	0.392213324918	0.477593077389	0.482768261068	0.484495779653	0.420484254503	0.466110545417	0.49364306615	0.451915897033	0.442869955157	0.450420917364	0.485255764869
Kostya(E)	0.441992723643	0.435281288593	0.439302032456	0.437899573351	0.4479311521	0.440031510536	0.430159522746	0.438235294118	0.43712747801	0.442000341445	0.42867283626	0.442438249314	0.447100364916	0.493979457061	0.494024160109	0.494856981823	0.495095069288	0.493467375494	0.496358615375	0.495375707734	0.497749786453	0.496770570065	0.35226952715	0.353334147769	0.356073503229	0.356567007231	0.3543032456	0.354622098086	0.338816987592	0.481776809678	0.482049354554	0.482586871588	0.482570185435	0.481215855837	0.481162122271	0.864195955859	0.87811570712	1.0	0.850979161436	0.463657876944	0.468845123189	0.465859690225	0.457718697515	0.465763408952	0.458280113651	0.464494885077	0.467401058669	0.461563637316	0.390108732854	0.391878546881	0.479169897142	0.48395265971	0.486179564047	0.420025238583	0.466919555265	0.494364649356	0.45234316593	0.442942121177	0.449164665276	0.484972710734
Porky(E)	0.440710250623	0.432994129159	0.43688661516	0.433755219207	0.445772609954	0.437580773599	0.428642310605	0.437120045921	0.435355684028	0.440253540966	0.426146453567	0.441917479526	0.444232851162	0.494107281944	0.49351478323	0.492664693576	0.493299649915	0.492817269282	0.493926710952	0.496408192378	0.497296817097	0.496909545506	0.353860035324	0.355017260998	0.358388712412	0.358138327221	0.355413749451	0.356428875447	0.340353710438	0.480193050193	0.479290245377	0.480371328878	0.480496773032	0.479274177981	0.480014422582	0.913934953079	0.89032461393	0.850979161436	1.0	0.46246382055	0.466078601041	0.465041701687	0.456680172425	0.463571705677	0.455674080211	0.463794173954	0.463272670832	0.463321367255	0.387683008203	0.389657788708	0.476929201608	0.481532633073	0.485812466837	0.418778839492	0.464418891704	0.49316304486	0.449983053941	0.444486269449	0.447885009196	0.484576271186
Boomer(F1)	0.488550129827	0.483995891633	0.487347719569	0.485064705585	0.489567548665	0.486263643997	0.480911121641	0.487189401836	0.483999325577	0.486171639289	0.481197029418	0.484786542457	0.487106496986	0.482480829432	0.483835309656	0.481896293763	0.485657591409	0.484500523926	0.487370713904	0.483688833124	0.477367979883	0.478741400699	0.284193000993	0.28505340368	0.28729213527	0.287170259895	0.286437260047	0.285706910682	0.271308319263	0.483584751655	0.483151156471	0.483498844919	0.484788787464	0.483782231492	0.483771764529	0.466734591262	0.460819488859	0.463657876944	0.46246382055	1.0	0.692091118505	0.701114373307	0.723380025054	0.673440107294	0.852485916803	0.75950926211	0.715745762985	0.538700483556	0.45636400972	0.460990966329	0.481321924751	0.472118124272	0.47088826333	0.481012873493	0.515901517357	0.479008684601	0.496310208423	0.3869695223	0.499573984663	0.453247987832
Che8(F1)	0.484295513473	0.479915363507	0.483303145068	0.481877599525	0.487567231768	0.482565513152	0.478848987566	0.482137560558	0.481904038569	0.483175448984	0.47736011668	0.482903734876	0.486759844195	0.484319060576	0.484864973224	0.484385655831	0.488990239368	0.4886729988	0.489134342955	0.487412169658	0.48083909854	0.482717386717	0.289621300411	0.290846393371	0.292486007554	0.293012411267	0.291148812409	0.291313634516	0.276419752337	0.485668885291	0.485096758732	0.487089114234	0.485488954279	0.486102569487	0.485819587397	0.469997227467	0.465006100569	0.468845123189	0.466078601041	0.692091118505	1.0	0.68768447342	0.728480919885	0.726974693561	0.742690533429	0.674177486449	0.719985139959	0.53368722563	0.449521039169	0.451919701807	0.484078605858	0.475275148966	0.475169033835	0.474460443617	0.502260780648	0.482421407133	0.493978466472	0.389357933447	0.492400617142	0.456998505837
Fruitloop(F1)	0.485686179702	0.484900733202	0.486473397682	0.485310083346	0.490022026067	0.485159111052	0.481689809762	0.48421123129	0.483230250918	0.486755629691	0.480400080824	0.486031285921	0.48881836911	0.483553717822	0.48427745167	0.48222611969	0.488277491033	0.487644271303	0.487107049684	0.48679207667	0.478913519622	0.480380432489	0.286925505414	0.288073547955	0.290222132656	0.289623769065	0.288582102093	0.288755525441	0.273251223749	0.485249604698	0.48515030241	0.48652050771	0.484823047982	0.485471243601	0.485417792996	0.468515186792	0.464281537122	0.465859690225	0.465041701687	0.701114373307	0.68768447342	1.0	0.750082177372	0.708747690578	0.756999489149	0.690863640029	0.785812021502	0.512326731074	0.455750633105	0.457393462408	0.482493633372	0.473755179437	0.473243751305	0.480037171581	0.513440209231	0.48075349231	0.49659356507	0.395167463684	0.494354222709	0.453593496759
Llij(F1)	0.487619631484	0.484820907311	0.487282783107	0.489562853675	0.487876735523	0.487403880735	0.484149508919	0.486962770326	0.486857886981	0.487037541732	0.484285295588	0.489125814076	0.490254237288	0.479964278512	0.480808284484	0.478746531651	0.483743525211	0.483109192217	0.483926479733	0.481971891275	0.474946478794	0.476216704799	0.279121892491	0.280486941751	0.282243488889	0.282601776005	0.281729103648	0.281534540057	0.267586642533	0.483235401018	0.483497700871	0.482233349421	0.48346558851	0.483521308001	0.483437400783	0.461926714888	0.457205274245	0.457718697515	0.456680172425	0.723380025054	0.728480919885	0.750082177372	1.0	0.770898392558	0.846902175752	0.707067580995	0.732827006935	0.506106584703	0.462085473669	0.464103638522	0.480083105391	0.470199887387	0.469932408891	0.479167718802	0.51178456697	0.476760304393	0.496051407796	0.381455367354	0.494947089047	0.447049138804
Pacc40(F1)	0.486040208191	0.483269942865	0.485148514851	0.484417842573	0.488670456994	0.484311141508	0.48099503489	0.486184067904	0.482224339367	0.48631151497	0.478919354568	0.485009727465	0.485622684762	0.485070341659	0.485174389386	0.483427382581	0.486807964782	0.486654468357	0.486669548926	0.486407283591	0.479067236038	0.480053509822	0.286142418033	0.287616682643	0.289726855523	0.289827492141	0.28904558469	0.288205154679	0.273742643531	0.485109199206	0.484800168469	0.484363516371	0.483843384338	0.484726216106	0.485068240169	0.468226363192	0.463642974005	0.465763408952	0.463571705677	0.673440107294	0.726974693561	0.708747690578	0.770898392558	1.0	0.766197228645	0.718769856399	0.713138813524	0.527978610641	0.456704005431	0.458700963757	0.482870907307	0.474281062722	0.474574858286	0.478977560317	0.512809723414	0.479888788529	0.494187488631	0.385759428144	0.493076769823	0.454691736563
